7.0	3.0	9.0	4.0	9.0	7.0	0.0	3.0	9.0	8.0	4.0	1.0	3.0	5.0	0.0	9.0	4.0	1.0	1.0	7.0	3.0	0.0	0.0	7.0	2.0	5.0	4.0	9.0	2.0	1.0	7.0	9.0	6.0	7.0	1.0	4.0	7.0	6.0	1.0	8.0	8.0	0.0	3.0	5.0	7.0	1.0	7.0	2.0	6.0	1.0	4.0	1.0	0.0	1.0	0.0	3.0	3.0	8.0	2.0	5.0	2.0	7.0	8.0	9.0	7.0	0.0	9.0	5.0	0.0	3.0	8.0	4.0	4.0	7.0	5.0	3.0	7.0	4.0	5.0	3.0	0.0	8.0	3.0	2.0	8.0	5.0	2.0	4.0	3.0	0.0	2.0	1.0	6.0	7.0	3.0	2.0	8.0	3.0	9.0	5.0	
0.0	-2.9	-8.6	-2.1	-9.6	-2.0	1.0	1.1	-4.6	-9.3	-1.1	0.7	-0.9	1.6	9.0	-10.6	-0.1	3.7	7.7	-5.0	-3.9	5.0	8.0	-2.0	4.4	1.6	-5.1	-9.6	0.4	-1.3	-7.0	-7.6	-6.7	-6.0	1.7	-4.1	-3.0	-7.7	5.7	-5.3	-7.3	4.0	4.1	1.6	-2.0	4.7	-7.0	4.4	-7.7	1.7	2.9	5.7	4.0	0.7	8.0	-0.9	-3.9	-1.3	-2.6	1.6	6.4	-2.0	-9.3	-5.6	-8.0	5.0	-11.6	1.6	9.0	-1.9	-4.3	-1.1	1.9	-8.0	0.6	2.1	0.0	-2.1	1.6	0.1	6.0	-5.3	-3.9	3.4	-8.3	-6.4	1.4	-5.1	-2.9	5.0	-0.6	1.7	-4.7	-9.0	-0.9	4.4	-1.3	4.1	-8.6	-1.4	
0.0	0.0	-15.0	-1.5	-10.7	0.6	2.7	-1.2	-4.2	-6.5	-3.8	6.5	3.4	3.1	8.3	-7.4	-2.1	7.6	8.4	-10.5	-0.7	7.5	7.6	-2.4	7.1	5.1	-2.6	-11.7	1.3	-1.9	-7.9	-10.3	-9.7	-2.2	2.2	-0.9	-5.1	-10.4	9.0	-4.7	-4.1	6.8	6.9	1.1	-3.4	10.3	-3.9	6.1	-11.4	8.2	3.0	12.0	2.8	-0.5	12.6	0.4	1.3	-8.9	1.2	-0.9	6.5	-8.4	-5.5	-4.9	-9.6	9.5	-9.1	3.1	15.3	1.7	-2.0	4.2	3.3	-7.6	4.4	6.5	-4.0	1.5	-2.9	-2.9	6.2	-6.7	1.3	1.4	-10.8	-1.5	0.0	-1.6	-1.0	7.5	4.6	0.2	-7.3	-4.3	5.4	4.1	-8.9	4.9	-8.0	1.0	
0.0	0.0	0.0	-0.6	-2.2	-5.0	2.7	-0.1	-4.3	-7.9	5.7	-0.1	-2.8	2.7	6.1	-13.5	-0.6	2.5	7.6	1.8	-4.5	3.0	8.5	-6.2	3.0	-5.2	-7.2	-0.3	0.6	2.4	2.0	-0.2	-2.1	-2.1	0.1	-7.6	-3.8	1.3	3.6	-0.8	-7.8	0.5	4.0	2.6	1.8	1.2	-2.8	5.9	-1.8	-0.5	1.2	0.8	10.2	9.5	-2.2	5.0	-0.4	7.9	-2.9	1.4	7.9	-0.6	-7.9	-8.8	2.4	3.1	-5.1	-0.3	-1.5	0.6	-8.1	-8.7	-3.3	0.5	-7.7	2.9	3.7	-0.4	5.3	0.3	4.4	-6.9	-6.4	9.1	-5.7	-3.6	6.0	-2.1	-3.1	5.0	-2.7	9.0	-3.0	-9.8	-1.6	3.8	5.9	4.8	-9.5	-4.9	
0.0	0.0	0.0	0.0	1.3	15.6	-4.8	3.8	12.3	13.0	-10.3	3.0	3.4	-9.4	-8.7	25.6	-0.1	-3.4	-7.1	-3.0	7.8	3.0	-10.4	16.6	-4.4	10.6	19.4	-6.2	3.3	-1.9	-7.9	-6.3	5.8	6.3	8.7	21.6	7.9	-2.4	-4.0	-1.2	18.4	5.8	-6.6	-4.4	-8.9	-3.2	-1.4	-9.4	3.6	5.2	1.0	5.0	-19.2	-18.5	16.6	-8.1	3.8	-15.4	6.7	-3.9	-10.0	0.6	13.5	22.1	-4.1	-4.0	6.4	-0.9	8.8	2.7	14.0	26.2	15.3	-4.1	20.4	-1.5	-12.0	1.5	-13.9	-1.4	-1.3	15.8	11.8	-15.6	6.7	5.5	-6.0	4.4	10.0	-2.0	12.6	-12.8	8.7	16.7	4.9	-7.4	-10.4	-6.1	16.5	8.0	
0.0	0.0	0.0	0.0	0.0	19.5	-7.8	8.7	23.7	23.8	-18.7	3.8	7.0	-14.2	-14.2	49.3	1.2	-5.9	-17.3	2.0	15.6	6.0	-18.2	33.3	-12.6	22.7	31.6	-10.8	5.0	0.9	-8.9	-5.6	10.0	11.4	10.9	38.3	15.1	-3.0	-14.8	-6.4	32.2	10.1	-15.9	-6.5	-12.9	-7.4	-1.3	-19.5	9.2	2.5	-2.2	2.3	-34.2	-30.8	21.2	-13.6	0.6	-26.3	16.0	-2.3	-18.8	6.7	23.5	42.0	-8.6	-6.4	13.7	1.4	12.2	6.0	28.5	42.9	28.1	-9.9	37.1	-13.0	-20.5	-4.1	-21.2	2.0	-6.7	26.7	21.7	-31.7	18.2	13.1	-13.0	9.5	14.6	-6.5	22.1	-28.4	16.5	34.4	0.5	-12.0	-13.8	-17.6	28.9	14.2	
0.0	0.0	0.0	0.0	0.0	0.0	-22.8	27.7	70.1	103.0	-75.4	-5.1	37.6	-28.6	-59.5	205.4	17.6	-29.3	-125.7	38.1	73.9	-9.5	-88.2	122.6	-79.7	104.4	75.2	-18.7	-0.9	13.1	8.2	37.5	24.5	25.8	-18.4	113.6	62.3	-11.5	-105.7	-43.4	98.2	9.3	-86.3	-19.4	-12.5	-32.2	27.5	-99.7	46.5	-46.3	-46.7	-58.5	-123.8	-96.6	-14.2	-58.8	-44.2	-93.4	80.5	18.2	-98.6	51.8	84.7	139.2	-47.7	-29.1	75.0	26.4	2.1	14.8	132.0	95.8	64.1	-40.2	116.1	-127.7	-53.7	-61.2	-47.1	34.2	-79.8	77.3	87.0	-150.4	119.5	73.3	-87.0	42.2	24.2	-76.7	44.3	-153.1	48.1	160.2	-52.1	-37.3	-37.2	-120.4	108.0	53.2	
0.0	0.0	0.0	0.0	0.0	0.0	0.0	1.9	17.2	17.8	-15.3	-2.7	13.9	-0.5	-16.6	40.1	5.8	-9.0	-21.0	10.0	12.4	-10.5	-23.4	20.1	-15.4	11.3	20.5	4.8	-4.9	6.3	8.4	3.9	12.6	7.2	-2.9	14.0	4.6	2.9	-14.5	0.7	22.1	0.8	-18.1	-3.2	-2.6	-4.7	10.6	-19.1	8.4	-8.4	-5.6	-9.9	-19.3	-16.4	-11.6	-3.9	-2.6	-23.0	17.8	5.3	-23.6	12.7	23.8	24.9	0.6	-9.3	19.6	1.5	-1.7	2.7	17.6	12.3	7.2	-5.5	20.0	-19.5	-12.0	-0.8	-8.6	3.2	-14.3	11.7	19.3	-24.1	19.2	15.5	-12.2	13.3	7.8	-17.7	6.2	-27.5	15.4	28.3	-5.1	-10.7	-5.9	-19.2	20.1	9.7	
0.0	0.0	0.0	0.0	0.0	0.0	0.0	0.0	-46.0	-44.0	37.7	2.4	-31.6	-0.9	38.4	-92.4	-8.4	16.3	51.0	-32.2	-29.6	19.3	51.2	-48.5	40.2	-22.7	-41.0	-11.2	10.5	-20.2	-21.2	-12.8	-25.9	-25.1	11.7	-37.4	-6.9	-10.6	41.8	-3.3	-55.5	1.2	39.4	11.6	6.0	11.0	-28.9	43.0	-19.6	15.9	14.2	25.4	44.7	41.4	32.3	0.7	4.0	52.0	-40.4	-15.0	53.5	-28.1	-57.8	-61.4	-3.7	16.1	-45.0	-0.7	5.0	-11.1	-43.0	-31.6	-20.5	8.3	-47.8	45.2	30.2	-0.5	18.7	-7.7	37.4	-28.2	-41.0	57.9	-46.6	-39.3	25.0	-33.1	-6.8	35.1	-21.7	66.2	-32.9	-74.3	14.1	29.9	12.8	44.1	-42.7	-22.4	
0.0	0.0	0.0	0.0	0.0	0.0	0.0	0.0	0.0	-6.5	-1.0	0.8	0.6	-0.4	6.9	-8.0	5.1	2.5	3.3	1.5	-2.8	-6.4	-4.9	-3.7	4.3	-1.7	3.5	0.3	4.5	-2.5	-5.7	-2.7	0.0	-8.8	1.5	-3.9	-0.1	3.2	0.4	2.2	-5.4	-5.3	5.5	0.7	2.4	-5.9	-7.0	-0.2	-1.3	5.4	7.9	0.2	-0.7	-8.8	3.6	-2.5	3.7	-3.2	-3.2	0.1	-2.2	2.5	-2.7	-5.9	-6.1	-4.5	-11.4	-8.2	1.4	-3.0	0.3	1.8	2.5	-2.9	0.4	7.4	4.3	1.4	3.3	-1.0	7.2	4.9	-7.5	6.3	-0.4	-6.2	-1.6	-8.2	-4.9	3.5	-6.9	3.0	-3.4	-2.2	6.6	0.1	-1.4	9.8	-0.6	-3.1	
0.0	0.0	0.0	0.0	0.0	0.0	0.0	0.0	0.0	0.0	-0.0	15.1	-5.4	-4.9	17.5	-23.6	-3.1	21.9	-1.4	12.3	-1.8	13.1	13.1	-2.5	-1.4	-5.7	-28.2	-14.8	18.3	-0.3	-18.3	11.6	-16.5	2.5	-11.7	12.2	-1.5	2.8	-13.3	-7.5	-10.3	-6.0	22.9	-6.5	6.2	0.4	-1.3	6.0	-5.6	16.3	8.6	-0.9	7.5	-10.4	3.2	10.2	-2.1	9.7	-14.7	11.2	15.1	-6.7	-13.2	-4.0	-9.6	15.2	-29.6	-9.7	1.9	7.2	8.0	13.0	11.8	0.7	-2.0	5.3	5.5	-5.8	10.8	9.3	3.4	10.6	-25.6	2.7	7.5	-5.2	9.2	-12.3	-31.6	23.8	9.1	8.6	-18.8	7.4	-1.9	-2.6	3.2	17.7	-17.2	0.2	
0.0	0.0	0.0	0.0	0.0	0.0	0.0	0.0	0.0	0.0	0.0	-6691.0	2377.5	2174.9	-7737.6	10438.5	1397.1	-9689.7	637.4	-5434.1	812.6	-5823.2	-5807.7	1112.2	620.9	2508.4	12460.8	6561.2	-8114.4	151.2	8083.8	-5118.3	7320.8	-1102.2	5161.9	-5390.6	667.6	-1245.8	5881.5	3316.3	4564.2	2651.9	-10126.4	2896.4	-2744.2	-172.5	604.1	-2661.5	2490.1	-7193.6	-3791.8	407.3	-3298.8	4594.7	-1416.7	-4502.7	921.5	-4291.6	6480.9	-4949.0	-6677.4	2960.1	5847.9	1778.9	4271.6	-6750.5	13072.6	4291.4	-862.2	-3184.1	-3529.8	-5744.8	-5213.7	-325.7	879.9	-2336.1	-2412.5	2584.5	-4772.9	-4115.0	-1507.7	-4666.1	11325.3	-1183.3	-3291.5	2289.0	-4054.8	5437.8	13999.5	-10515.4	-4032.6	-3779.4	8311.9	-3256.7	840.3	1163.8	-1411.3	-7828.0	7628.0	-72.9	
0.0	0.0	0.0	0.0	0.0	0.0	0.0	0.0	0.0	0.0	0.0	0.0	-0.8	-14.0	-0.2	-9.0	9.5	-6.1	17.0	6.0	-0.7	9.2	7.9	11.6	-5.1	-33.4	-15.0	6.7	1.8	18.6	-5.9	0.7	14.3	10.3	18.8	4.2	-7.2	21.6	12.7	-0.2	-2.1	4.9	-4.2	-2.7	0.9	9.0	-0.6	3.0	18.3	9.0	12.9	-7.4	14.5	8.8	-11.0	19.6	-10.9	3.4	-2.3	10.1	2.9	2.0	2.7	-3.7	17.1	9.7	-4.9	-11.1	-4.8	3.6	-14.9	2.6	2.8	7.8	-5.6	-4.9	-1.5	14.3	10.5	20.7	-1.8	8.1	-6.0	9.6	-3.4	-7.7	30.1	-6.4	0.9	21.3	14.9	24.4	18.3	-9.2	-16.5	5.3	13.9	16.3	-9.9	1.0	
0.0	0.0	0.0	0.0	0.0	0.0	0.0	0.0	0.0	0.0	0.0	0.0	0.0	66.0	7.0	39.8	-43.0	26.1	-83.0	-27.3	1.0	-41.7	-31.4	-55.9	28.5	160.4	70.8	-33.8	-0.1	-84.9	22.6	-3.2	-71.7	-60.9	-83.1	-13.3	46.4	-102.0	-69.8	-2.4	7.4	-26.6	18.0	7.6	1.9	-43.3	-5.2	-12.7	-87.9	-38.1	-56.7	28.6	-69.8	-49.3	59.8	-103.5	45.7	-9.9	12.7	-45.4	-16.1	-2.4	-23.4	17.4	-95.0	-42.2	15.9	55.4	21.6	-15.3	75.2	-15.9	-6.5	-32.1	27.2	24.4	11.2	-74.4	-45.0	-100.0	8.6	-33.9	26.7	-46.6	19.0	27.1	-145.6	19.7	-14.6	-104.1	-72.1	-121.4	-94.6	47.5	80.1	-18.1	-71.0	-80.8	48.9	-8.8	
0.0	0.0	0.0	0.0	0.0	0.0	0.0	0.0	0.0	0.0	0.0	0.0	0.0	0.0	-122.3	141.0	-125.8	-20.1	46.4	-59.2	55.5	76.0	-23.2	61.1	-71.1	68.5	158.5	4.4	-114.3	-3.1	159.7	-98.1	69.1	158.8	42.4	2.8	-107.0	-46.1	100.1	-15.9	116.0	82.6	-83.2	52.1	-156.1	-59.0	-8.1	-36.8	50.4	-98.0	-147.6	95.4	-39.7	141.9	40.1	58.1	112.1	-65.6	89.9	-166.2	38.2	-91.5	134.2	61.8	138.2	-61.7	221.2	12.3	34.2	29.8	-30.6	47.7	-52.2	-50.6	70.4	-31.0	-152.3	21.9	-152.8	-78.3	-1.7	-118.8	111.3	-19.8	-91.3	162.6	-47.8	196.6	228.6	-12.0	53.3	-7.7	130.0	-35.9	-33.2	-87.0	6.8	-133.1	21.1	-21.5	
0.0	0.0	0.0	0.0	0.0	0.0	0.0	0.0	0.0	0.0	0.0	0.0	0.0	0.0	0.0	0.8	-0.4	2.7	-14.7	3.0	5.3	-12.6	-10.7	-3.6	1.7	11.5	-1.9	-12.7	0.7	-12.6	-10.6	4.5	-2.8	-14.5	-16.1	4.3	6.0	-8.8	-10.4	-2.0	-0.9	-8.3	3.5	2.4	-7.7	-10.5	1.6	-5.0	-9.6	-6.0	-3.4	-3.2	-12.5	-10.0	2.7	-5.4	1.3	-8.3	-8.2	4.1	-11.6	2.0	-2.2	-0.7	-16.0	-6.0	-18.0	-7.2	1.2	-4.4	9.0	9.7	-2.8	-13.6	-2.0	-0.1	0.8	-11.9	-3.6	-3.7	3.0	8.6	-3.1	-4.0	8.2	0.2	-7.3	-7.6	-8.0	-7.4	-6.5	-11.8	-9.6	11.4	7.0	-7.4	-9.5	5.0	3.7	6.0	
0.0	0.0	0.0	0.0	0.0	0.0	0.0	0.0	0.0	0.0	0.0	0.0	0.0	0.0	0.0	0.0	-10.1	6.6	74.8	-6.2	-13.9	66.6	54.3	24.3	-14.6	-57.0	-10.5	54.1	-20.8	52.1	58.0	-5.7	10.2	102.1	48.7	-22.5	-44.3	41.1	56.7	14.0	7.9	46.6	-4.5	-1.5	22.9	56.3	15.6	29.2	50.4	17.7	4.2	20.3	66.1	65.6	-32.3	51.0	-1.2	34.8	33.6	-18.8	60.3	-24.8	23.8	5.1	91.2	34.9	93.9	30.4	5.3	20.1	-41.4	-34.0	7.0	60.0	11.1	-3.5	-8.0	66.9	16.2	32.5	-19.8	-47.4	17.2	20.6	-44.1	20.0	45.9	56.1	39.7	46.8	40.1	62.4	55.4	-50.2	-41.3	28.8	55.5	-11.6	-27.8	-9.9	
0.0	0.0	0.0	0.0	0.0	0.0	0.0	0.0	0.0	0.0	0.0	0.0	0.0	0.0	0.0	0.0	0.0	-42.1	225.9	-41.7	-66.0	191.6	146.5	65.1	-32.8	-153.3	42.9	186.0	-18.2	183.8	159.0	-79.0	54.3	217.6	249.3	-62.7	-95.4	127.6	162.7	31.3	16.3	131.7	-58.3	-22.3	98.2	141.7	-29.3	68.1	154.8	87.7	51.6	54.8	173.8	152.2	-30.3	89.2	-12.2	116.8	121.5	-74.5	174.1	-36.8	43.9	18.8	242.4	78.2	270.0	94.7	-11.2	65.0	-130.3	-130.3	43.0	184.6	40.1	-4.8	-13.7	174.5	45.7	53.9	-34.0	-118.3	43.8	67.7	-120.4	4.8	106.9	120.4	133.3	116.7	100.2	178.3	157.4	-172.2	-108.2	95.5	149.3	-73.8	-48.5	-86.2	
0.0	0.0	0.0	0.0	0.0	0.0	0.0	0.0	0.0	0.0	0.0	0.0	0.0	0.0	0.0	0.0	0.0	0.0	37.8	-1.5	-9.2	41.1	52.6	14.3	1.2	-43.9	-35.7	23.4	-11.5	40.9	28.7	18.9	-6.9	57.8	19.8	-1.5	-7.5	27.1	20.2	7.9	2.8	20.8	-1.7	-6.5	19.9	58.7	24.2	29.0	23.2	6.4	-1.7	-8.9	54.2	46.9	-22.2	22.3	-8.1	22.6	26.4	7.1	26.5	-8.5	-1.5	-10.2	39.6	42.3	50.0	28.8	8.2	15.6	-17.8	-26.1	0.4	55.8	0.1	-5.0	-1.6	36.6	17.3	32.3	-26.1	-34.7	25.7	5.2	-31.0	5.9	34.0	20.5	8.6	17.3	26.6	30.3	22.4	-13.4	-22.6	43.4	19.6	-8.0	-24.6	2.1	
0.0	0.0	0.0	0.0	0.0	0.0	0.0	0.0	0.0	0.0	0.0	0.0	0.0	0.0	0.0	0.0	0.0	0.0	0.0	-12.9	-6.5	0.3	14.8	-3.8	15.5	8.0	28.5	4.2	16.1	-6.9	8.1	-5.4	-12.3	8.0	7.3	3.5	10.8	-8.9	7.2	0.8	2.4	16.4	-0.2	-4.5	21.5	19.8	-2.2	12.4	-14.2	11.4	9.7	11.5	8.9	11.2	27.3	-24.2	2.2	12.0	20.7	-9.3	17.4	-4.4	-12.1	9.3	-12.3	1.9	13.7	24.1	-1.0	11.7	-3.5	-15.4	8.1	20.8	8.1	10.8	2.9	-5.4	4.8	-7.0	2.6	-9.6	21.4	-1.2	-14.2	-14.2	-14.8	-0.9	7.8	-16.4	-5.7	-8.0	-11.3	-8.0	3.7	15.9	-8.6	-12.9	2.0	-5.7	
0.0	0.0	0.0	0.0	0.0	0.0	0.0	0.0	0.0	0.0	0.0	0.0	0.0	0.0	0.0	0.0	0.0	0.0	0.0	0.0	3.5	18.9	10.4	10.5	-4.6	-4.6	-26.0	1.7	-3.1	19.8	-1.1	6.4	-10.3	1.9	3.7	4.6	-5.9	2.4	-6.4	-0.2	-4.2	-1.0	1.5	-5.3	4.4	13.5	3.5	2.7	7.9	6.2	0.2	-6.4	4.0	-0.0	0.6	4.5	-8.4	1.9	-1.9	5.8	5.7	-6.6	-1.5	-0.2	1.2	16.6	-5.2	-0.4	-0.8	-2.3	-0.3	1.2	2.0	9.4	-5.6	-8.1	6.2	5.1	3.2	8.8	-7.8	5.4	-4.1	-0.0	5.4	-1.5	13.2	-1.8	-12.2	10.0	13.8	10.0	-3.0	5.9	-16.4	-2.4	-0.3	-5.5	-3.7	-1.2	
0.0	0.0	0.0	0.0	0.0	0.0	0.0	0.0	0.0	0.0	0.0	0.0	0.0	0.0	0.0	0.0	0.0	0.0	0.0	0.0	0.0	-121.8	-193.8	-46.5	-28.4	109.4	239.7	14.6	21.1	-136.8	-17.6	-144.0	110.6	-81.9	34.5	-75.5	-58.1	-41.0	63.2	10.8	-0.5	4.3	-14.1	60.5	-55.4	-215.2	-101.4	-89.0	-3.8	7.4	43.8	106.5	-142.0	-95.6	35.0	5.1	65.0	-37.2	-65.1	-91.5	-16.7	13.3	72.0	60.4	23.9	-203.3	-29.3	-92.1	-35.9	-30.6	-12.4	50.1	8.5	-186.4	40.6	32.4	-8.9	-38.9	-52.9	-104.9	122.2	75.1	-94.8	45.5	48.8	9.1	-97.1	14.2	96.6	0.1	-82.7	-19.0	41.9	-80.4	62.9	-154.9	56.4	48.9	82.3	-31.8	
0.0	0.0	0.0	0.0	0.0	0.0	0.0	0.0	0.0	0.0	0.0	0.0	0.0	0.0	0.0	0.0	0.0	0.0	0.0	0.0	0.0	0.0	-15.3	0.9	-6.3	3.2	7.3	16.6	-14.1	1.6	-4.1	-12.5	4.4	-1.9	-4.9	-13.7	-20.7	-2.0	8.0	12.6	-4.8	-1.0	2.7	1.8	-4.4	-15.5	-2.1	-9.6	0.9	6.7	3.6	7.7	-20.6	-15.9	-3.9	10.1	2.1	3.6	-28.0	-5.7	8.7	-11.7	15.9	8.7	12.1	-13.5	-8.8	-10.1	-3.8	-16.9	-15.0	11.7	2.2	-19.7	-6.0	-3.5	19.2	4.9	-1.7	-5.4	7.2	18.3	-24.7	7.9	15.4	-7.1	2.5	5.8	-2.5	13.7	7.7	7.3	5.4	-8.5	-5.1	-32.1	21.1	6.9	15.8	0.8	
0.0	0.0	0.0	0.0	0.0	0.0	0.0	0.0	0.0	0.0	0.0	0.0	0.0	0.0	0.0	0.0	0.0	0.0	0.0	0.0	0.0	0.0	0.0	-3.2	-2.9	7.3	13.2	-35.0	40.0	-8.4	-1.8	-9.1	12.6	-16.9	35.7	26.8	25.2	-1.5	-15.6	-31.9	1.6	5.8	-11.2	-6.0	2.7	-0.4	-19.8	6.9	4.8	-2.5	9.3	-5.3	23.2	3.0	16.2	-13.4	-10.6	-8.8	49.6	3.0	-19.1	32.6	-24.9	-4.0	-16.8	4.3	6.2	-0.2	-5.7	34.4	36.1	-20.5	8.3	14.5	16.9	-1.7	-43.8	-15.5	-5.2	0.6	5.7	-19.5	31.3	-12.8	-14.0	12.1	-9.4	-17.2	9.3	-21.5	-17.5	-11.2	-5.1	9.8	4.0	35.6	-31.2	-19.9	-20.7	-13.4	
0.0	0.0	0.0	0.0	0.0	0.0	0.0	0.0	0.0	0.0	0.0	0.0	0.0	0.0	0.0	0.0	0.0	0.0	0.0	0.0	0.0	0.0	0.0	0.0	6.5	-2.5	-6.9	1.7	5.8	9.8	3.5	3.1	3.3	-6.1	10.1	1.0	19.3	11.9	-16.4	-3.1	4.9	-7.3	-9.8	-7.4	3.1	4.4	-6.1	4.1	15.3	2.1	-1.8	-10.0	2.0	0.0	-3.4	-6.4	-3.8	-7.1	18.0	1.7	-22.5	15.3	-6.9	-1.4	-9.4	11.8	11.0	1.0	4.5	8.4	13.9	-3.2	-0.4	13.5	3.9	5.0	-17.9	10.4	-2.7	2.0	-5.7	-5.0	14.3	-7.5	-10.2	12.4	1.5	-11.2	0.8	-3.8	-10.2	3.2	2.3	6.8	5.4	24.5	-22.0	-0.4	-2.7	-4.0	
0.0	0.0	0.0	0.0	0.0	0.0	0.0	0.0	0.0	0.0	0.0	0.0	0.0	0.0	0.0	0.0	0.0	0.0	0.0	0.0	0.0	0.0	0.0	0.0	0.0	31.3	-19.2	-64.1	95.4	11.4	25.2	18.6	-6.7	-53.0	84.0	35.2	86.5	17.0	-73.5	-75.4	16.0	-33.6	-36.3	-15.6	20.8	0.1	-58.0	4.7	64.1	-12.1	-17.7	-18.7	39.1	16.8	33.9	-61.9	11.3	-60.8	142.6	-9.4	-85.5	74.2	-61.8	-29.2	-61.0	33.8	49.5	-1.5	-4.2	70.0	106.1	-39.9	-12.9	59.5	44.8	17.3	-128.3	-3.2	-27.9	-12.2	-24.1	-57.4	77.8	-44.8	-55.9	79.9	-41.7	-48.6	33.8	-44.9	-64.8	-5.9	-21.1	37.8	19.4	115.4	-134.7	-45.5	-57.3	-52.9	
0.0	0.0	0.0	0.0	0.0	0.0	0.0	0.0	0.0	0.0	0.0	0.0	0.0	0.0	0.0	0.0	0.0	0.0	0.0	0.0	0.0	0.0	0.0	0.0	0.0	0.0	-53.6	16.0	-1.6	37.2	36.4	38.8	-16.7	-13.7	13.1	-23.8	36.3	37.5	-42.3	-21.0	14.0	-54.6	-17.4	-0.6	1.3	-9.9	-16.1	-11.4	59.0	-23.1	-53.5	-18.7	2.1	17.0	-29.3	-23.5	30.2	-51.5	46.3	-17.2	-60.3	26.8	-1.5	-44.7	-6.8	33.4	48.0	-10.9	10.6	7.3	39.5	-0.6	-43.3	29.1	12.1	14.5	-59.9	33.6	-23.4	-0.9	-41.6	-46.8	24.4	-26.9	-33.1	74.8	-13.7	-8.3	27.5	2.9	-40.0	28.5	7.1	26.6	16.2	59.8	-69.3	-3.0	-18.2	-25.4	
0.0	0.0	0.0	0.0	0.0	0.0	0.0	0.0	0.0	0.0	0.0	0.0	0.0	0.0	0.0	0.0	0.0	0.0	0.0	0.0	0.0	0.0	0.0	0.0	0.0	0.0	0.0	-24.6	2.7	-19.2	-16.5	-1.3	-9.3	-5.0	-13.2	3.0	-15.4	-13.2	7.7	-0.4	-0.2	6.4	4.5	-6.7	-7.4	-0.7	-3.9	-9.0	-19.7	-0.9	-1.7	2.1	-6.4	-18.4	-3.5	9.5	-6.4	6.3	-22.0	19.1	9.0	-12.6	-0.7	19.5	-11.4	-13.5	-20.2	3.3	-7.5	-19.8	-18.2	4.9	12.4	-8.4	-16.7	-2.0	21.9	-3.1	0.0	-22.1	3.5	25.1	-23.2	4.8	21.6	-15.7	-2.0	9.1	-25.7	0.7	22.4	-23.1	-19.8	-8.6	1.1	-33.0	8.0	2.3	-5.7	2.4	
0.0	0.0	0.0	0.0	0.0	0.0	0.0	0.0	0.0	0.0	0.0	0.0	0.0	0.0	0.0	0.0	0.0	0.0	0.0	0.0	0.0	0.0	0.0	0.0	0.0	0.0	0.0	0.0	-57.4	-21.9	-11.8	-6.0	-11.8	1.1	-58.7	-31.6	-61.0	-19.3	41.2	28.1	2.5	-3.4	21.7	9.9	-36.9	-28.2	-0.9	-34.4	-31.6	-18.6	-32.2	18.7	-39.1	-24.4	-33.9	33.8	13.6	14.4	-90.5	10.5	37.8	-54.4	36.8	20.3	17.9	-42.2	-40.4	-6.1	1.6	-64.0	-71.0	33.6	4.5	-48.4	-43.6	-1.8	71.0	3.6	-4.2	-44.8	12.5	39.1	-80.6	29.0	52.5	-14.5	1.6	50.3	-32.1	34.4	45.9	-17.5	-18.3	-32.2	8.4	-95.7	49.8	21.3	13.9	3.1	
0.0	0.0	0.0	0.0	0.0	0.0	0.0	0.0	0.0	0.0	0.0	0.0	0.0	0.0	0.0	0.0	0.0	0.0	0.0	0.0	0.0	0.0	0.0	0.0	0.0	0.0	0.0	0.0	0.0	13.8	4.1	-11.1	20.7	-17.0	25.2	5.9	27.5	17.5	-14.5	-12.1	11.3	-16.0	-12.1	-9.1	-14.9	-13.4	-27.9	-3.6	35.2	-15.7	-23.8	-1.5	-1.6	3.8	-7.1	-10.3	17.0	-23.3	27.1	-10.5	-30.7	19.4	1.2	-19.2	5.7	11.8	16.0	-9.3	16.8	20.0	20.4	1.4	-2.2	8.1	13.4	12.3	-44.1	16.9	-15.9	-10.9	-2.2	-24.0	16.0	-7.6	-19.6	40.0	-5.4	-1.1	21.4	12.2	-15.6	11.3	13.2	3.8	31.6	38.2	-42.5	-1.6	-10.3	-12.3	
0.0	0.0	0.0	0.0	0.0	0.0	0.0	0.0	0.0	0.0	0.0	0.0	0.0	0.0	0.0	0.0	0.0	0.0	0.0	0.0	0.0	0.0	0.0	0.0	0.0	0.0	0.0	0.0	0.0	0.0	10.3	4.5	-17.8	3.9	-6.4	0.2	-22.1	-6.6	7.5	2.9	1.4	-1.4	11.1	2.0	-6.8	-0.9	2.9	-6.1	-11.2	4.1	-1.9	14.9	-3.8	5.9	17.0	-3.7	21.4	-4.8	-14.8	-15.7	20.5	-18.6	7.9	-4.6	3.6	-6.6	-8.5	-10.6	-4.0	-16.3	-14.2	12.2	-13.0	-0.4	2.8	4.4	12.7	3.5	-1.1	-8.4	6.5	8.1	-18.0	11.8	6.2	-5.5	-2.6	12.0	-4.8	4.6	6.7	-2.0	-5.3	-4.3	-4.3	-27.6	1.2	-1.0	-2.4	-8.8	
0.0	0.0	0.0	0.0	0.0	0.0	0.0	0.0	0.0	0.0	0.0	0.0	0.0	0.0	0.0	0.0	0.0	0.0	0.0	0.0	0.0	0.0	0.0	0.0	0.0	0.0	0.0	0.0	0.0	0.0	0.0	0.8	-41.1	3.5	-0.9	8.9	-33.6	-14.1	10.9	6.2	-1.1	-7.5	23.3	-12.5	-20.5	1.7	1.0	-6.7	-26.2	5.1	-8.4	27.1	-20.2	3.9	50.6	-12.1	63.0	-11.4	-42.6	-27.1	44.7	-42.0	20.1	-22.8	9.9	-8.9	-30.4	-30.1	-1.1	-31.6	-29.5	37.7	-33.0	0.7	7.8	7.8	23.3	7.4	-2.5	-26.8	10.2	16.7	-32.5	25.8	-0.7	-17.1	-12.0	9.9	-8.0	22.9	17.5	-0.7	-13.0	-1.1	6.0	-52.6	1.5	5.4	-6.3	-5.7	
0.0	0.0	0.0	0.0	0.0	0.0	0.0	0.0	0.0	0.0	0.0	0.0	0.0	0.0	0.0	0.0	0.0	0.0	0.0	0.0	0.0	0.0	0.0	0.0	0.0	0.0	0.0	0.0	0.0	0.0	0.0	0.0	429.3	-52.9	11.1	-91.7	380.0	160.9	-127.7	-90.9	24.0	56.6	-259.1	120.9	203.1	-35.7	-35.8	65.6	285.7	-88.1	50.1	-284.0	199.9	-41.2	-533.3	107.5	-639.7	103.9	453.9	281.3	-493.1	451.5	-208.4	219.1	-114.6	97.3	323.8	306.2	18.6	332.2	320.4	-383.9	329.0	-8.5	-82.2	-82.6	-279.0	-82.8	12.8	263.7	-124.8	-199.0	347.5	-283.9	-11.5	202.4	105.8	-113.6	101.7	-231.0	-193.3	9.5	132.2	23.0	-45.9	575.7	-39.9	-61.8	59.9	59.0	
0.0	0.0	0.0	0.0	0.0	0.0	0.0	0.0	0.0	0.0	0.0	0.0	0.0	0.0	0.0	0.0	0.0	0.0	0.0	0.0	0.0	0.0	0.0	0.0	0.0	0.0	0.0	0.0	0.0	0.0	0.0	0.0	0.0	3.9	-7.4	-13.3	-6.9	-6.5	4.3	17.4	8.4	4.1	-1.7	3.9	4.0	3.2	-3.1	-10.8	10.9	17.3	-4.9	4.5	-3.3	-3.3	-12.9	-1.2	2.7	-7.2	2.2	-1.1	1.1	-12.8	0.4	23.1	-1.9	-0.4	16.0	12.3	9.2	-19.4	-10.1	-0.4	18.7	2.9	3.0	13.0	18.0	30.3	-4.7	-12.7	-3.0	22.7	-7.7	1.4	10.2	4.8	-2.7	19.8	-7.4	0.1	9.6	-12.2	1.3	-13.8	14.1	-8.8	-9.4	2.3	-1.0	-1.7	
0.0	0.0	0.0	0.0	0.0	0.0	0.0	0.0	0.0	0.0	0.0	0.0	0.0	0.0	0.0	0.0	0.0	0.0	0.0	0.0	0.0	0.0	0.0	0.0	0.0	0.0	0.0	0.0	0.0	0.0	0.0	0.0	0.0	0.0	-15.6	31.6	-8.5	-9.9	5.0	-2.1	-18.9	8.9	17.0	-1.4	-0.2	19.1	30.9	25.9	-27.2	-3.9	39.0	6.5	13.6	9.6	44.6	-1.5	-3.5	30.1	-16.8	-13.3	22.7	-0.7	-15.4	-23.6	-0.7	-1.5	-35.4	-12.7	-12.8	12.2	3.8	4.8	-19.5	-10.7	-6.9	-17.8	3.7	-51.7	13.0	38.7	21.7	-4.1	-2.8	12.6	-0.4	-35.1	15.3	-20.7	-7.2	-16.1	3.9	7.7	-0.4	9.8	-31.1	-8.9	24.1	-8.7	13.5	9.5	
0.0	0.0	0.0	0.0	0.0	0.0	0.0	0.0	0.0	0.0	0.0	0.0	0.0	0.0	0.0	0.0	0.0	0.0	0.0	0.0	0.0	0.0	0.0	0.0	0.0	0.0	0.0	0.0	0.0	0.0	0.0	0.0	0.0	0.0	0.0	84.4	-11.1	3.2	-5.3	-52.4	-57.9	4.2	33.8	-17.8	-11.2	24.5	64.2	72.7	-79.3	-50.1	77.8	-2.0	31.0	17.3	107.0	11.9	-14.4	66.4	-44.2	-8.7	44.6	36.0	-22.2	-95.1	18.2	-1.8	-99.9	-57.6	-64.1	68.6	29.8	10.3	-85.7	-20.2	-16.8	-68.5	-40.7	-155.0	35.6	98.0	49.4	-64.9	8.5	21.6	-13.8	-78.2	41.1	-80.2	-4.4	-26.7	-14.4	46.6	3.6	55.1	-94.0	-10.5	72.8	-22.3	23.0	19.2	
0.0	0.0	0.0	0.0	0.0	0.0	0.0	0.0	0.0	0.0	0.0	0.0	0.0	0.0	0.0	0.0	0.0	0.0	0.0	0.0	0.0	0.0	0.0	0.0	0.0	0.0	0.0	0.0	0.0	0.0	0.0	0.0	0.0	0.0	0.0	0.0	1.1	8.2	1.5	-11.6	-0.8	-0.5	-15.2	-8.2	-3.3	-2.9	-15.0	-0.1	8.7	-18.6	-19.1	12.3	-12.0	4.9	-0.3	-6.9	-2.3	-5.7	-14.8	1.5	0.0	0.3	-1.5	3.1	-1.8	7.1	-3.2	-5.3	-5.1	-4.0	-8.7	11.8	-7.3	5.9	-3.6	-2.7	-6.4	9.3	-9.8	-6.4	-9.7	-1.3	-6.1	-1.8	3.3	-5.3	2.5	-0.6	2.7	13.7	9.9	2.8	7.3	-2.4	0.5	-2.3	-10.1	2.3	-3.7	1.7	
0.0	0.0	0.0	0.0	0.0	0.0	0.0	0.0	0.0	0.0	0.0	0.0	0.0	0.0	0.0	0.0	0.0	0.0	0.0	0.0	0.0	0.0	0.0	0.0	0.0	0.0	0.0	0.0	0.0	0.0	0.0	0.0	0.0	0.0	0.0	0.0	0.0	66.6	7.7	-111.8	7.2	-22.0	-131.7	-93.5	-51.8	-35.9	-142.7	-9.9	79.6	-183.4	-193.9	123.9	-111.8	31.8	14.1	-76.5	16.2	-63.6	-141.6	7.8	9.7	-6.9	-4.2	17.4	-5.7	51.3	-29.9	-55.9	-44.8	-70.5	-77.3	134.4	-78.9	45.1	-26.7	-13.6	-78.7	99.4	-95.3	-75.8	-74.3	-10.1	-78.9	-10.4	44.3	-36.7	13.0	8.2	18.3	130.1	96.0	14.5	73.9	-22.0	20.7	-44.9	-109.7	4.0	-35.4	7.8	
0.0	0.0	0.0	0.0	0.0	0.0	0.0	0.0	0.0	0.0	0.0	0.0	0.0	0.0	0.0	0.0	0.0	0.0	0.0	0.0	0.0	0.0	0.0	0.0	0.0	0.0	0.0	0.0	0.0	0.0	0.0	0.0	0.0	0.0	0.0	0.0	0.0	0.0	-7.9	-14.7	15.4	-29.9	-14.2	-47.2	-35.7	-6.5	-32.0	-6.0	22.0	-50.1	-64.4	22.1	-20.8	-16.4	23.9	-41.7	57.2	-26.7	-22.9	-1.2	5.7	-13.8	5.8	-17.0	2.9	-2.7	5.9	-4.8	5.7	-58.3	1.4	57.9	-17.3	-1.0	6.0	19.0	-34.0	32.7	-28.9	-34.4	-0.4	-0.5	-33.6	-8.2	20.3	11.3	-25.8	16.3	1.2	26.3	24.8	-22.0	25.6	4.7	37.2	-17.0	-46.9	-23.9	-0.4	-5.3	
0.0	0.0	0.0	0.0	0.0	0.0	0.0	0.0	0.0	0.0	0.0	0.0	0.0	0.0	0.0	0.0	0.0	0.0	0.0	0.0	0.0	0.0	0.0	0.0	0.0	0.0	0.0	0.0	0.0	0.0	0.0	0.0	0.0	0.0	0.0	0.0	0.0	0.0	0.0	-14.0	-1.3	26.4	-5.5	38.4	20.7	-21.8	16.3	-10.2	-19.2	24.7	50.0	3.2	13.0	15.9	-13.7	27.0	-73.5	17.0	10.6	0.8	-1.1	18.0	3.5	30.2	-2.1	-3.1	-29.8	-6.5	-12.9	29.8	-3.4	-33.5	-2.9	-7.2	-1.1	-25.4	9.8	-25.5	31.8	32.1	9.4	9.1	14.8	16.8	2.4	-16.2	37.4	-20.3	-4.2	-10.5	-20.7	21.1	-15.0	-5.6	-54.5	-6.8	32.8	16.7	-7.4	5.9	
0.0	0.0	0.0	0.0	0.0	0.0	0.0	0.0	0.0	0.0	0.0	0.0	0.0	0.0	0.0	0.0	0.0	0.0	0.0	0.0	0.0	0.0	0.0	0.0	0.0	0.0	0.0	0.0	0.0	0.0	0.0	0.0	0.0	0.0	0.0	0.0	0.0	0.0	0.0	0.0	-93.8	259.2	26.3	384.3	285.9	-77.5	247.3	-10.0	-204.8	364.5	572.4	-123.2	172.3	91.7	-193.5	342.5	-685.0	223.6	157.9	59.7	-45.3	188.6	-22.3	264.7	-26.8	-9.6	-186.7	11.5	-144.2	398.8	0.6	-465.5	83.9	-30.2	-39.7	-242.2	219.2	-291.6	319.7	344.1	67.9	77.5	224.6	121.2	-27.3	-161.9	315.7	-189.3	-77.7	-205.7	-208.1	189.3	-194.4	-20.2	-480.2	24.7	403.4	167.6	-13.9	64.6	
0.0	0.0	0.0	0.0	0.0	0.0	0.0	0.0	0.0	0.0	0.0	0.0	0.0	0.0	0.0	0.0	0.0	0.0	0.0	0.0	0.0	0.0	0.0	0.0	0.0	0.0	0.0	0.0	0.0	0.0	0.0	0.0	0.0	0.0	0.0	0.0	0.0	0.0	0.0	0.0	0.0	9.4	17.0	22.6	4.5	-7.2	17.9	6.8	-17.1	21.3	27.3	-4.2	4.9	10.8	-11.1	33.9	-7.8	11.7	14.8	-6.9	-8.1	2.7	1.4	-8.7	16.1	-10.3	2.4	-8.5	-4.3	44.1	-2.4	-30.7	-6.2	-6.9	0.6	-9.6	-7.7	-15.8	8.5	11.1	4.2	-17.1	17.1	11.2	-20.0	16.6	15.7	-1.6	10.2	-11.1	-16.8	23.8	-18.4	-6.6	-13.4	7.9	23.0	9.1	-10.6	-4.8	
0.0	0.0	0.0	0.0	0.0	0.0	0.0	0.0	0.0	0.0	0.0	0.0	0.0	0.0	0.0	0.0	0.0	0.0	0.0	0.0	0.0	0.0	0.0	0.0	0.0	0.0	0.0	0.0	0.0	0.0	0.0	0.0	0.0	0.0	0.0	0.0	0.0	0.0	0.0	0.0	0.0	0.0	-8.9	-19.1	-4.5	8.8	-12.0	-3.1	9.9	-16.0	-3.2	-3.9	-1.0	-3.4	18.2	-35.8	-20.1	17.6	-15.7	4.6	9.8	-8.6	-6.4	11.1	-32.4	-1.0	-14.2	24.8	23.0	-42.8	4.7	37.0	13.9	-4.9	-9.9	15.5	12.8	-18.1	-3.0	-0.9	1.9	15.3	-24.7	-23.8	24.6	-28.0	-5.8	-6.9	-7.7	13.6	15.4	-32.7	6.7	10.5	-7.4	-0.6	-5.4	-11.2	19.9	-1.7	
0.0	0.0	0.0	0.0	0.0	0.0	0.0	0.0	0.0	0.0	0.0	0.0	0.0	0.0	0.0	0.0	0.0	0.0	0.0	0.0	0.0	0.0	0.0	0.0	0.0	0.0	0.0	0.0	0.0	0.0	0.0	0.0	0.0	0.0	0.0	0.0	0.0	0.0	0.0	0.0	0.0	0.0	0.0	-203.1	-86.1	105.3	-89.3	31.8	48.6	-160.0	39.2	-101.5	-6.2	3.7	225.1	-353.9	-209.1	316.1	-158.4	14.0	98.3	-130.2	-94.7	11.0	-361.3	-88.8	-137.8	305.9	343.2	-383.4	79.1	418.3	138.3	-123.5	-135.3	201.9	87.2	-356.6	-47.9	18.6	35.0	51.8	-275.5	-321.8	217.7	-270.7	-50.8	-89.3	-17.3	144.0	129.7	-352.1	10.7	138.2	-115.8	71.0	37.0	-145.7	245.8	-73.4	
0.0	0.0	0.0	0.0	0.0	0.0	0.0	0.0	0.0	0.0	0.0	0.0	0.0	0.0	0.0	0.0	0.0	0.0	0.0	0.0	0.0	0.0	0.0	0.0	0.0	0.0	0.0	0.0	0.0	0.0	0.0	0.0	0.0	0.0	0.0	0.0	0.0	0.0	0.0	0.0	0.0	0.0	0.0	0.0	-1.9	0.7	20.6	21.5	-9.4	4.7	8.5	24.4	0.6	-2.8	-7.2	52.7	17.8	9.5	-7.4	6.2	-14.5	-1.8	-1.8	-0.6	39.6	-13.4	-7.6	-18.1	-41.6	43.2	-33.8	-39.3	-20.4	4.3	-22.3	-28.1	-26.2	6.3	3.9	4.4	12.4	-6.3	5.7	43.5	-11.1	18.3	22.1	5.1	-1.8	-7.6	6.9	47.8	-20.8	-26.0	-7.5	-20.4	9.2	5.2	-28.2	1.7	
0.0	0.0	0.0	0.0	0.0	0.0	0.0	0.0	0.0	0.0	0.0	0.0	0.0	0.0	0.0	0.0	0.0	0.0	0.0	0.0	0.0	0.0	0.0	0.0	0.0	0.0	0.0	0.0	0.0	0.0	0.0	0.0	0.0	0.0	0.0	0.0	0.0	0.0	0.0	0.0	0.0	0.0	0.0	0.0	0.0	-2.3	29.1	31.0	-8.4	13.6	19.7	45.0	2.5	-2.4	-11.4	94.7	20.7	30.8	-11.2	5.4	-25.1	-2.6	-1.6	9.4	61.5	-25.9	-14.7	-22.7	-57.7	73.7	-55.2	-66.7	-23.3	2.5	-45.0	-41.7	-34.6	-0.2	5.1	2.3	24.8	2.5	1.7	68.5	-11.8	40.7	34.7	19.7	-13.6	-13.4	15.8	63.9	-44.9	-50.3	-16.4	-36.6	17.9	11.5	-50.1	0.1	
0.0	0.0	0.0	0.0	0.0	0.0	0.0	0.0	0.0	0.0	0.0	0.0	0.0	0.0	0.0	0.0	0.0	0.0	0.0	0.0	0.0	0.0	0.0	0.0	0.0	0.0	0.0	0.0	0.0	0.0	0.0	0.0	0.0	0.0	0.0	0.0	0.0	0.0	0.0	0.0	0.0	0.0	0.0	0.0	0.0	0.0	-386.1	-389.8	160.6	-132.9	-209.0	-480.9	-28.3	53.2	135.3	-1061.3	-288.4	-274.1	133.4	-110.9	277.1	16.7	24.4	-48.2	-737.3	275.2	151.8	306.6	756.3	-847.1	646.6	771.3	339.8	-50.2	472.5	532.9	449.7	-49.9	-80.0	-72.5	-267.2	52.9	-74.5	-812.9	176.3	-396.1	-418.8	-150.2	97.9	169.8	-147.0	-834.9	452.4	535.3	175.1	419.8	-218.4	-106.4	552.8	-15.3	
0.0	0.0	0.0	0.0	0.0	0.0	0.0	0.0	0.0	0.0	0.0	0.0	0.0	0.0	0.0	0.0	0.0	0.0	0.0	0.0	0.0	0.0	0.0	0.0	0.0	0.0	0.0	0.0	0.0	0.0	0.0	0.0	0.0	0.0	0.0	0.0	0.0	0.0	0.0	0.0	0.0	0.0	0.0	0.0	0.0	0.0	0.0	7.1	16.8	-3.6	1.4	37.9	-10.8	-6.3	1.4	21.2	26.5	-9.2	1.4	-5.7	-11.3	-16.6	-0.1	-1.7	15.0	-9.7	-6.0	-10.6	-14.2	16.1	-21.4	-14.2	-6.9	5.0	-19.9	9.7	-21.4	16.4	-9.5	-17.5	0.5	3.6	-3.8	31.4	-10.5	18.3	9.8	11.6	0.6	11.4	15.3	33.2	-19.1	-27.2	2.3	-8.4	-22.0	7.9	-22.9	5.2	
0.0	0.0	0.0	0.0	0.0	0.0	0.0	0.0	0.0	0.0	0.0	0.0	0.0	0.0	0.0	0.0	0.0	0.0	0.0	0.0	0.0	0.0	0.0	0.0	0.0	0.0	0.0	0.0	0.0	0.0	0.0	0.0	0.0	0.0	0.0	0.0	0.0	0.0	0.0	0.0	0.0	0.0	0.0	0.0	0.0	0.0	0.0	0.0	15.8	-3.3	23.8	39.1	-11.4	8.7	32.1	-10.9	24.2	-1.0	-12.5	-17.9	9.7	-35.6	-10.3	-10.6	-16.1	-14.6	-32.3	-9.4	17.2	-11.0	-16.4	20.1	-18.3	1.5	-28.8	27.5	-21.9	-7.2	2.0	-3.7	4.6	5.7	-24.8	36.3	-14.6	-25.2	18.9	-16.3	1.6	24.8	-1.9	38.4	-26.1	-20.5	-21.5	-1.7	-19.6	7.7	-3.4	9.5	
0.0	0.0	0.0	0.0	0.0	0.0	0.0	0.0	0.0	0.0	0.0	0.0	0.0	0.0	0.0	0.0	0.0	0.0	0.0	0.0	0.0	0.0	0.0	0.0	0.0	0.0	0.0	0.0	0.0	0.0	0.0	0.0	0.0	0.0	0.0	0.0	0.0	0.0	0.0	0.0	0.0	0.0	0.0	0.0	0.0	0.0	0.0	0.0	0.0	19.8	2.0	15.4	6.9	43.1	-4.7	51.8	23.6	38.6	-4.4	-32.0	-3.8	-4.3	-3.9	12.2	30.6	-2.7	6.5	-11.2	0.8	44.2	-30.2	-46.5	-1.6	8.7	-30.9	-18.9	7.3	-10.0	-3.3	-19.9	5.2	12.4	1.5	35.0	-20.4	45.8	-2.8	34.3	-38.8	-23.0	13.7	-16.0	-51.8	-37.5	-6.6	-8.8	6.6	14.8	-31.2	1.1	
0.0	0.0	0.0	0.0	0.0	0.0	0.0	0.0	0.0	0.0	0.0	0.0	0.0	0.0	0.0	0.0	0.0	0.0	0.0	0.0	0.0	0.0	0.0	0.0	0.0	0.0	0.0	0.0	0.0	0.0	0.0	0.0	0.0	0.0	0.0	0.0	0.0	0.0	0.0	0.0	0.0	0.0	0.0	0.0	0.0	0.0	0.0	0.0	0.0	0.0	-65.0	3.7	6.1	-23.4	-76.8	98.1	30.4	-31.0	57.4	17.1	-56.8	44.1	31.4	18.1	92.3	11.2	68.2	-16.2	-94.0	90.8	-23.9	-121.7	27.8	28.7	12.5	-49.6	7.8	77.4	-22.8	-60.2	-22.6	-2.7	78.9	23.8	-17.8	130.9	-36.0	72.0	-25.7	-49.6	46.7	-19.0	-16.2	-34.6	64.6	-17.1	-19.8	13.7	-72.5	-2.6	
0.0	0.0	0.0	0.0	0.0	0.0	0.0	0.0	0.0	0.0	0.0	0.0	0.0	0.0	0.0	0.0	0.0	0.0	0.0	0.0	0.0	0.0	0.0	0.0	0.0	0.0	0.0	0.0	0.0	0.0	0.0	0.0	0.0	0.0	0.0	0.0	0.0	0.0	0.0	0.0	0.0	0.0	0.0	0.0	0.0	0.0	0.0	0.0	0.0	0.0	0.0	-5.0	-4.4	31.7	14.7	-35.8	31.5	-2.3	-18.9	-25.3	17.1	-16.3	-8.9	-12.3	-14.3	14.0	10.5	-5.7	16.8	-18.2	-1.2	21.8	-18.0	-4.8	10.7	4.1	-16.1	-13.8	-5.3	0.0	2.2	-16.5	-27.3	-12.6	-16.2	-17.6	3.8	-6.1	19.5	7.9	-3.4	-1.8	11.0	5.1	2.3	14.8	-8.8	-6.8	21.5	4.5	
0.0	0.0	0.0	0.0	0.0	0.0	0.0	0.0	0.0	0.0	0.0	0.0	0.0	0.0	0.0	0.0	0.0	0.0	0.0	0.0	0.0	0.0	0.0	0.0	0.0	0.0	0.0	0.0	0.0	0.0	0.0	0.0	0.0	0.0	0.0	0.0	0.0	0.0	0.0	0.0	0.0	0.0	0.0	0.0	0.0	0.0	0.0	0.0	0.0	0.0	0.0	0.0	-28.9	180.6	77.5	-159.6	207.4	-7.7	-129.9	-137.5	100.8	-106.7	-47.2	-63.4	-61.1	71.1	55.1	-43.2	82.9	-92.1	-45.8	109.8	-114.5	-25.7	20.9	25.4	-100.4	-77.4	-33.9	-16.1	11.2	-85.7	-169.0	-29.6	-100.9	-85.4	30.2	-6.9	86.5	54.2	-12.0	19.5	33.6	-5.2	2.4	53.5	-43.2	-30.6	109.5	28.5	
0.0	0.0	0.0	0.0	0.0	0.0	0.0	0.0	0.0	0.0	0.0	0.0	0.0	0.0	0.0	0.0	0.0	0.0	0.0	0.0	0.0	0.0	0.0	0.0	0.0	0.0	0.0	0.0	0.0	0.0	0.0	0.0	0.0	0.0	0.0	0.0	0.0	0.0	0.0	0.0	0.0	0.0	0.0	0.0	0.0	0.0	0.0	0.0	0.0	0.0	0.0	0.0	0.0	36.9	5.1	-41.1	57.6	-5.7	-61.4	-17.1	34.5	-22.9	-12.3	-0.9	-28.5	30.9	14.7	-3.1	23.2	-80.1	-28.4	43.7	-41.3	-21.3	-10.7	23.7	-27.3	-27.6	-10.8	7.0	-4.4	-6.2	-68.3	4.2	-3.0	-43.7	17.2	23.1	-6.6	23.3	0.1	20.6	14.8	-7.1	-16.9	-1.3	-12.2	-13.7	61.8	19.0	
0.0	0.0	0.0	0.0	0.0	0.0	0.0	0.0	0.0	0.0	0.0	0.0	0.0	0.0	0.0	0.0	0.0	0.0	0.0	0.0	0.0	0.0	0.0	0.0	0.0	0.0	0.0	0.0	0.0	0.0	0.0	0.0	0.0	0.0	0.0	0.0	0.0	0.0	0.0	0.0	0.0	0.0	0.0	0.0	0.0	0.0	0.0	0.0	0.0	0.0	0.0	0.0	0.0	0.0	-4.0	7.8	-24.7	-3.6	35.5	-10.6	-13.7	25.6	-13.6	1.2	9.5	-6.2	-13.8	-2.2	-25.8	9.0	9.1	-45.0	-3.6	18.8	12.1	-8.0	11.3	29.3	12.2	20.4	-15.1	20.3	54.1	46.2	-2.2	-7.6	-9.5	-29.0	-35.6	-30.2	1.4	6.3	-24.0	-0.7	-24.8	20.5	-20.3	15.1	-15.5	12.9	
0.0	0.0	0.0	0.0	0.0	0.0	0.0	0.0	0.0	0.0	0.0	0.0	0.0	0.0	0.0	0.0	0.0	0.0	0.0	0.0	0.0	0.0	0.0	0.0	0.0	0.0	0.0	0.0	0.0	0.0	0.0	0.0	0.0	0.0	0.0	0.0	0.0	0.0	0.0	0.0	0.0	0.0	0.0	0.0	0.0	0.0	0.0	0.0	0.0	0.0	0.0	0.0	0.0	0.0	0.0	-28.2	90.5	28.6	-108.2	11.2	40.7	-51.9	21.5	12.4	-33.2	20.5	44.0	20.6	65.6	-80.1	-48.3	123.0	-3.3	-70.8	-48.5	32.1	-33.3	-101.2	-50.3	-34.1	41.9	-32.6	-157.1	-106.6	20.2	14.1	22.3	110.0	50.1	66.0	15.5	-24.6	52.1	-17.5	34.0	-72.0	42.8	-46.1	69.3	-25.3	
0.0	0.0	0.0	0.0	0.0	0.0	0.0	0.0	0.0	0.0	0.0	0.0	0.0	0.0	0.0	0.0	0.0	0.0	0.0	0.0	0.0	0.0	0.0	0.0	0.0	0.0	0.0	0.0	0.0	0.0	0.0	0.0	0.0	0.0	0.0	0.0	0.0	0.0	0.0	0.0	0.0	0.0	0.0	0.0	0.0	0.0	0.0	0.0	0.0	0.0	0.0	0.0	0.0	0.0	0.0	0.0	46.5	41.9	25.1	-49.8	-17.4	30.3	-22.0	23.2	24.8	-20.0	10.3	24.1	-14.8	-35.0	-25.6	-29.9	5.9	-9.0	-22.8	-5.0	17.3	-24.4	-25.0	16.0	27.5	40.8	21.4	26.4	14.9	32.4	-28.8	49.5	-82.1	-61.7	37.9	-61.2	-53.5	-35.2	-24.4	-32.5	-25.3	-1.8	-8.9	5.5	
0.0	0.0	0.0	0.0	0.0	0.0	0.0	0.0	0.0	0.0	0.0	0.0	0.0	0.0	0.0	0.0	0.0	0.0	0.0	0.0	0.0	0.0	0.0	0.0	0.0	0.0	0.0	0.0	0.0	0.0	0.0	0.0	0.0	0.0	0.0	0.0	0.0	0.0	0.0	0.0	0.0	0.0	0.0	0.0	0.0	0.0	0.0	0.0	0.0	0.0	0.0	0.0	0.0	0.0	0.0	0.0	0.0	-52.7	-16.7	30.7	15.3	-26.8	4.7	-21.9	-1.9	29.1	-7.6	-28.9	6.1	7.0	18.0	19.3	-16.6	28.6	9.7	12.5	-3.2	41.9	17.4	-12.0	-19.5	-21.0	-4.9	10.4	-6.9	-34.0	14.4	-32.5	23.9	35.0	-24.1	44.7	26.5	21.1	17.6	17.9	-10.3	8.3	3.7	6.1	
0.0	0.0	0.0	0.0	0.0	0.0	0.0	0.0	0.0	0.0	0.0	0.0	0.0	0.0	0.0	0.0	0.0	0.0	0.0	0.0	0.0	0.0	0.0	0.0	0.0	0.0	0.0	0.0	0.0	0.0	0.0	0.0	0.0	0.0	0.0	0.0	0.0	0.0	0.0	0.0	0.0	0.0	0.0	0.0	0.0	0.0	0.0	0.0	0.0	0.0	0.0	0.0	0.0	0.0	0.0	0.0	0.0	0.0	256.7	-166.6	-99.2	187.1	-115.8	30.2	122.9	-45.6	-39.1	10.1	-177.6	-22.8	35.4	-287.6	-25.3	113.9	78.6	-62.4	92.8	157.9	17.1	120.8	2.2	173.6	342.3	272.8	17.4	18.9	-106.1	-75.8	-320.1	-291.0	70.1	-99.5	-189.5	-42.8	-115.4	61.0	-201.4	76.2	-110.5	81.2	
0.0	0.0	0.0	0.0	0.0	0.0	0.0	0.0	0.0	0.0	0.0	0.0	0.0	0.0	0.0	0.0	0.0	0.0	0.0	0.0	0.0	0.0	0.0	0.0	0.0	0.0	0.0	0.0	0.0	0.0	0.0	0.0	0.0	0.0	0.0	0.0	0.0	0.0	0.0	0.0	0.0	0.0	0.0	0.0	0.0	0.0	0.0	0.0	0.0	0.0	0.0	0.0	0.0	0.0	0.0	0.0	0.0	0.0	0.0	-11.6	-11.9	17.8	5.8	18.4	5.7	-28.5	14.4	11.5	-19.6	16.9	-14.1	-26.8	1.2	-2.4	22.4	-18.7	-5.8	1.0	9.1	-15.0	16.3	9.6	-8.9	-14.0	-9.1	18.2	6.6	17.8	7.9	-20.3	-7.5	-20.9	3.4	-4.1	26.1	-7.7	7.3	-0.3	-4.1	4.7	
0.0	0.0	0.0	0.0	0.0	0.0	0.0	0.0	0.0	0.0	0.0	0.0	0.0	0.0	0.0	0.0	0.0	0.0	0.0	0.0	0.0	0.0	0.0	0.0	0.0	0.0	0.0	0.0	0.0	0.0	0.0	0.0	0.0	0.0	0.0	0.0	0.0	0.0	0.0	0.0	0.0	0.0	0.0	0.0	0.0	0.0	0.0	0.0	0.0	0.0	0.0	0.0	0.0	0.0	0.0	0.0	0.0	0.0	0.0	0.0	10.1	-13.1	0.4	-11.5	21.8	36.9	2.6	-24.1	-3.7	1.6	24.0	12.6	2.0	3.6	-1.0	-0.7	2.3	-1.7	-20.9	-6.5	11.2	-22.7	-3.3	-17.4	11.5	2.2	-1.5	-12.6	21.8	13.8	17.1	17.2	23.2	8.3	11.3	11.9	-4.6	-10.2	-3.4	-16.6	
0.0	0.0	0.0	0.0	0.0	0.0	0.0	0.0	0.0	0.0	0.0	0.0	0.0	0.0	0.0	0.0	0.0	0.0	0.0	0.0	0.0	0.0	0.0	0.0	0.0	0.0	0.0	0.0	0.0	0.0	0.0	0.0	0.0	0.0	0.0	0.0	0.0	0.0	0.0	0.0	0.0	0.0	0.0	0.0	0.0	0.0	0.0	0.0	0.0	0.0	0.0	0.0	0.0	0.0	0.0	0.0	0.0	0.0	0.0	0.0	0.0	38.4	-42.5	30.4	-0.3	19.8	-46.2	17.8	-9.9	-117.7	-19.8	-19.2	-30.4	28.9	-42.3	40.9	45.9	44.6	19.1	79.5	-33.4	85.7	53.6	139.9	46.7	-87.7	-13.1	-11.2	-172.1	-43.5	14.5	13.2	-77.3	-22.2	-97.5	-6.7	-51.4	18.6	34.1	59.9	
0.0	0.0	0.0	0.0	0.0	0.0	0.0	0.0	0.0	0.0	0.0	0.0	0.0	0.0	0.0	0.0	0.0	0.0	0.0	0.0	0.0	0.0	0.0	0.0	0.0	0.0	0.0	0.0	0.0	0.0	0.0	0.0	0.0	0.0	0.0	0.0	0.0	0.0	0.0	0.0	0.0	0.0	0.0	0.0	0.0	0.0	0.0	0.0	0.0	0.0	0.0	0.0	0.0	0.0	0.0	0.0	0.0	0.0	0.0	0.0	0.0	0.0	2.8	-3.8	-52.1	-56.6	11.1	21.8	6.9	-18.4	-30.9	-8.1	-18.4	-19.2	-7.5	5.2	-9.6	-9.6	22.5	7.7	-43.4	26.3	5.8	25.9	-20.5	0.1	-5.3	20.2	-18.8	-18.3	-26.2	-13.3	-35.8	-13.9	-44.4	-11.4	15.6	8.9	20.3	12.1	
0.0	0.0	0.0	0.0	0.0	0.0	0.0	0.0	0.0	0.0	0.0	0.0	0.0	0.0	0.0	0.0	0.0	0.0	0.0	0.0	0.0	0.0	0.0	0.0	0.0	0.0	0.0	0.0	0.0	0.0	0.0	0.0	0.0	0.0	0.0	0.0	0.0	0.0	0.0	0.0	0.0	0.0	0.0	0.0	0.0	0.0	0.0	0.0	0.0	0.0	0.0	0.0	0.0	0.0	0.0	0.0	0.0	0.0	0.0	0.0	0.0	0.0	0.0	-38.0	-618.0	-691.4	90.8	275.9	96.9	-308.7	-391.1	-101.7	-226.7	-191.7	-150.0	113.6	-67.3	-70.7	289.6	154.5	-559.1	374.3	116.3	440.1	-208.0	-81.5	-82.5	229.4	-361.1	-241.9	-311.5	-149.5	-521.2	-187.2	-612.7	-153.3	154.3	123.0	262.4	187.0	
0.0	0.0	0.0	0.0	0.0	0.0	0.0	0.0	0.0	0.0	0.0	0.0	0.0	0.0	0.0	0.0	0.0	0.0	0.0	0.0	0.0	0.0	0.0	0.0	0.0	0.0	0.0	0.0	0.0	0.0	0.0	0.0	0.0	0.0	0.0	0.0	0.0	0.0	0.0	0.0	0.0	0.0	0.0	0.0	0.0	0.0	0.0	0.0	0.0	0.0	0.0	0.0	0.0	0.0	0.0	0.0	0.0	0.0	0.0	0.0	0.0	0.0	0.0	0.0	-160.9	-206.2	31.7	90.4	55.7	-144.4	-113.7	-26.9	-66.1	-51.9	-61.2	63.0	14.5	-1.2	84.2	55.0	-172.9	120.5	64.0	155.3	-40.3	-47.8	-33.7	74.1	-143.9	-79.6	-94.7	-51.5	-174.8	-61.0	-182.1	-42.4	48.1	32.0	94.8	76.1	
0.0	0.0	0.0	0.0	0.0	0.0	0.0	0.0	0.0	0.0	0.0	0.0	0.0	0.0	0.0	0.0	0.0	0.0	0.0	0.0	0.0	0.0	0.0	0.0	0.0	0.0	0.0	0.0	0.0	0.0	0.0	0.0	0.0	0.0	0.0	0.0	0.0	0.0	0.0	0.0	0.0	0.0	0.0	0.0	0.0	0.0	0.0	0.0	0.0	0.0	0.0	0.0	0.0	0.0	0.0	0.0	0.0	0.0	0.0	0.0	0.0	0.0	0.0	0.0	0.0	75.8	-20.8	-18.6	-54.8	97.3	28.0	3.2	16.9	10.4	39.3	-56.4	-49.9	-30.1	-24.3	-26.2	67.9	-26.5	-61.7	-95.1	-9.2	45.6	22.3	-13.0	74.2	24.8	39.8	6.4	63.6	37.4	51.5	1.8	-35.3	5.0	-46.1	-47.3	
0.0	0.0	0.0	0.0	0.0	0.0	0.0	0.0	0.0	0.0	0.0	0.0	0.0	0.0	0.0	0.0	0.0	0.0	0.0	0.0	0.0	0.0	0.0	0.0	0.0	0.0	0.0	0.0	0.0	0.0	0.0	0.0	0.0	0.0	0.0	0.0	0.0	0.0	0.0	0.0	0.0	0.0	0.0	0.0	0.0	0.0	0.0	0.0	0.0	0.0	0.0	0.0	0.0	0.0	0.0	0.0	0.0	0.0	0.0	0.0	0.0	0.0	0.0	0.0	0.0	0.0	-11.1	-14.9	-6.4	-35.6	-0.8	0.5	-22.4	7.4	-21.8	10.3	15.8	18.9	21.2	15.0	-21.5	17.1	16.1	64.4	3.1	-26.7	-16.8	-22.7	-37.6	-4.2	-6.3	17.3	-12.6	-18.1	-44.5	-2.4	-6.2	8.5	10.2	16.4	
0.0	0.0	0.0	0.0	0.0	0.0	0.0	0.0	0.0	0.0	0.0	0.0	0.0	0.0	0.0	0.0	0.0	0.0	0.0	0.0	0.0	0.0	0.0	0.0	0.0	0.0	0.0	0.0	0.0	0.0	0.0	0.0	0.0	0.0	0.0	0.0	0.0	0.0	0.0	0.0	0.0	0.0	0.0	0.0	0.0	0.0	0.0	0.0	0.0	0.0	0.0	0.0	0.0	0.0	0.0	0.0	0.0	0.0	0.0	0.0	0.0	0.0	0.0	0.0	0.0	0.0	0.0	31.3	33.8	-6.6	-1.4	14.2	6.0	-0.4	-3.7	9.0	6.8	-11.8	-5.3	1.2	5.4	-3.4	10.2	-38.5	3.7	12.6	-5.6	23.8	8.0	2.8	-3.5	-32.3	-4.7	10.2	12.3	1.5	-2.9	0.1	0.7	3.5	
0.0	0.0	0.0	0.0	0.0	0.0	0.0	0.0	0.0	0.0	0.0	0.0	0.0	0.0	0.0	0.0	0.0	0.0	0.0	0.0	0.0	0.0	0.0	0.0	0.0	0.0	0.0	0.0	0.0	0.0	0.0	0.0	0.0	0.0	0.0	0.0	0.0	0.0	0.0	0.0	0.0	0.0	0.0	0.0	0.0	0.0	0.0	0.0	0.0	0.0	0.0	0.0	0.0	0.0	0.0	0.0	0.0	0.0	0.0	0.0	0.0	0.0	0.0	0.0	0.0	0.0	0.0	0.0	-57.4	155.5	-0.9	-23.1	49.1	1.5	63.8	-87.1	-69.0	-47.1	-26.0	-42.9	89.4	-26.2	-83.3	-126.7	-9.7	79.2	48.6	32.9	100.1	13.2	29.4	-23.9	54.1	27.3	85.0	-30.4	-4.8	0.0	-65.7	-72.0	
0.0	0.0	0.0	0.0	0.0	0.0	0.0	0.0	0.0	0.0	0.0	0.0	0.0	0.0	0.0	0.0	0.0	0.0	0.0	0.0	0.0	0.0	0.0	0.0	0.0	0.0	0.0	0.0	0.0	0.0	0.0	0.0	0.0	0.0	0.0	0.0	0.0	0.0	0.0	0.0	0.0	0.0	0.0	0.0	0.0	0.0	0.0	0.0	0.0	0.0	0.0	0.0	0.0	0.0	0.0	0.0	0.0	0.0	0.0	0.0	0.0	0.0	0.0	0.0	0.0	0.0	0.0	0.0	0.0	-24.3	-3.4	2.0	-13.1	-20.3	-4.5	12.7	8.1	-1.3	3.2	-4.6	-22.9	-2.9	9.0	11.3	-3.1	-0.7	-10.0	-3.5	-6.5	-4.6	-0.8	-0.2	-9.6	-6.6	-15.5	2.4	9.7	-5.0	11.3	11.7	
0.0	0.0	0.0	0.0	0.0	0.0	0.0	0.0	0.0	0.0	0.0	0.0	0.0	0.0	0.0	0.0	0.0	0.0	0.0	0.0	0.0	0.0	0.0	0.0	0.0	0.0	0.0	0.0	0.0	0.0	0.0	0.0	0.0	0.0	0.0	0.0	0.0	0.0	0.0	0.0	0.0	0.0	0.0	0.0	0.0	0.0	0.0	0.0	0.0	0.0	0.0	0.0	0.0	0.0	0.0	0.0	0.0	0.0	0.0	0.0	0.0	0.0	0.0	0.0	0.0	0.0	0.0	0.0	0.0	0.0	-2.8	-0.9	0.8	-2.0	10.0	5.4	10.7	-1.6	0.7	1.0	-7.3	-4.0	6.3	-2.0	-8.0	-10.3	-1.0	0.9	5.5	12.1	-17.4	10.5	5.9	13.5	6.9	-5.6	18.2	9.7	0.0	2.1	
0.0	0.0	0.0	0.0	0.0	0.0	0.0	0.0	0.0	0.0	0.0	0.0	0.0	0.0	0.0	0.0	0.0	0.0	0.0	0.0	0.0	0.0	0.0	0.0	0.0	0.0	0.0	0.0	0.0	0.0	0.0	0.0	0.0	0.0	0.0	0.0	0.0	0.0	0.0	0.0	0.0	0.0	0.0	0.0	0.0	0.0	0.0	0.0	0.0	0.0	0.0	0.0	0.0	0.0	0.0	0.0	0.0	0.0	0.0	0.0	0.0	0.0	0.0	0.0	0.0	0.0	0.0	0.0	0.0	0.0	0.0	-2.4	16.7	12.2	32.8	39.0	25.6	5.9	-13.4	30.9	-1.0	-14.7	14.1	11.4	-26.6	-66.1	15.5	-21.0	17.9	54.0	-66.2	73.4	18.8	56.1	41.4	-7.3	56.1	31.3	13.4	6.6	
0.0	0.0	0.0	0.0	0.0	0.0	0.0	0.0	0.0	0.0	0.0	0.0	0.0	0.0	0.0	0.0	0.0	0.0	0.0	0.0	0.0	0.0	0.0	0.0	0.0	0.0	0.0	0.0	0.0	0.0	0.0	0.0	0.0	0.0	0.0	0.0	0.0	0.0	0.0	0.0	0.0	0.0	0.0	0.0	0.0	0.0	0.0	0.0	0.0	0.0	0.0	0.0	0.0	0.0	0.0	0.0	0.0	0.0	0.0	0.0	0.0	0.0	0.0	0.0	0.0	0.0	0.0	0.0	0.0	0.0	0.0	0.0	40.5	46.5	100.0	123.5	100.1	26.5	-38.8	106.1	8.6	-41.7	41.1	36.8	-86.5	-208.9	50.1	-67.2	48.5	188.0	-217.4	218.0	64.3	180.0	128.0	-28.3	181.4	112.3	45.2	20.6	
0.0	0.0	0.0	0.0	0.0	0.0	0.0	0.0	0.0	0.0	0.0	0.0	0.0	0.0	0.0	0.0	0.0	0.0	0.0	0.0	0.0	0.0	0.0	0.0	0.0	0.0	0.0	0.0	0.0	0.0	0.0	0.0	0.0	0.0	0.0	0.0	0.0	0.0	0.0	0.0	0.0	0.0	0.0	0.0	0.0	0.0	0.0	0.0	0.0	0.0	0.0	0.0	0.0	0.0	0.0	0.0	0.0	0.0	0.0	0.0	0.0	0.0	0.0	0.0	0.0	0.0	0.0	0.0	0.0	0.0	0.0	0.0	0.0	-50.7	-86.4	-103.3	-124.7	-49.9	-8.7	-84.0	-2.1	15.2	-26.9	-47.7	84.5	177.6	-24.7	61.4	-25.2	-184.1	203.7	-147.8	-55.6	-158.3	-93.8	14.4	-160.1	-123.8	-28.0	-33.5	
0.0	0.0	0.0	0.0	0.0	0.0	0.0	0.0	0.0	0.0	0.0	0.0	0.0	0.0	0.0	0.0	0.0	0.0	0.0	0.0	0.0	0.0	0.0	0.0	0.0	0.0	0.0	0.0	0.0	0.0	0.0	0.0	0.0	0.0	0.0	0.0	0.0	0.0	0.0	0.0	0.0	0.0	0.0	0.0	0.0	0.0	0.0	0.0	0.0	0.0	0.0	0.0	0.0	0.0	0.0	0.0	0.0	0.0	0.0	0.0	0.0	0.0	0.0	0.0	0.0	0.0	0.0	0.0	0.0	0.0	0.0	0.0	0.0	0.0	-108.9	-113.3	-94.6	-55.4	-9.0	-49.9	39.6	43.2	-29.2	-35.8	112.6	163.3	-11.8	94.6	-68.6	-151.6	192.7	-149.0	-57.3	-145.6	-118.2	-7.1	-168.9	-87.8	-18.3	-48.1	
0.0	0.0	0.0	0.0	0.0	0.0	0.0	0.0	0.0	0.0	0.0	0.0	0.0	0.0	0.0	0.0	0.0	0.0	0.0	0.0	0.0	0.0	0.0	0.0	0.0	0.0	0.0	0.0	0.0	0.0	0.0	0.0	0.0	0.0	0.0	0.0	0.0	0.0	0.0	0.0	0.0	0.0	0.0	0.0	0.0	0.0	0.0	0.0	0.0	0.0	0.0	0.0	0.0	0.0	0.0	0.0	0.0	0.0	0.0	0.0	0.0	0.0	0.0	0.0	0.0	0.0	0.0	0.0	0.0	0.0	0.0	0.0	0.0	0.0	0.0	3.6	-6.3	-18.9	6.9	-7.2	3.0	-11.5	-12.2	-14.7	-8.5	7.9	-7.9	19.1	14.6	1.0	-19.3	13.3	-4.2	5.5	-3.2	3.8	11.1	0.3	-4.9	-4.3	
0.0	0.0	0.0	0.0	0.0	0.0	0.0	0.0	0.0	0.0	0.0	0.0	0.0	0.0	0.0	0.0	0.0	0.0	0.0	0.0	0.0	0.0	0.0	0.0	0.0	0.0	0.0	0.0	0.0	0.0	0.0	0.0	0.0	0.0	0.0	0.0	0.0	0.0	0.0	0.0	0.0	0.0	0.0	0.0	0.0	0.0	0.0	0.0	0.0	0.0	0.0	0.0	0.0	0.0	0.0	0.0	0.0	0.0	0.0	0.0	0.0	0.0	0.0	0.0	0.0	0.0	0.0	0.0	0.0	0.0	0.0	0.0	0.0	0.0	0.0	0.0	-0.8	-83.2	33.0	-36.0	7.0	-30.1	-37.6	-61.7	-10.7	57.3	-35.1	109.5	30.1	9.0	-59.3	9.0	-25.2	15.3	-38.0	-15.8	46.4	12.9	-15.2	-13.1	
0.0	0.0	0.0	0.0	0.0	0.0	0.0	0.0	0.0	0.0	0.0	0.0	0.0	0.0	0.0	0.0	0.0	0.0	0.0	0.0	0.0	0.0	0.0	0.0	0.0	0.0	0.0	0.0	0.0	0.0	0.0	0.0	0.0	0.0	0.0	0.0	0.0	0.0	0.0	0.0	0.0	0.0	0.0	0.0	0.0	0.0	0.0	0.0	0.0	0.0	0.0	0.0	0.0	0.0	0.0	0.0	0.0	0.0	0.0	0.0	0.0	0.0	0.0	0.0	0.0	0.0	0.0	0.0	0.0	0.0	0.0	0.0	0.0	0.0	0.0	0.0	0.0	1086.6	-433.6	484.6	-82.6	373.3	500.9	797.8	122.9	-773.2	458.6	-1460.7	-363.3	-116.4	743.8	-74.5	346.2	-193.8	513.2	235.9	-593.0	-177.1	198.3	165.3	
0.0	0.0	0.0	0.0	0.0	0.0	0.0	0.0	0.0	0.0	0.0	0.0	0.0	0.0	0.0	0.0	0.0	0.0	0.0	0.0	0.0	0.0	0.0	0.0	0.0	0.0	0.0	0.0	0.0	0.0	0.0	0.0	0.0	0.0	0.0	0.0	0.0	0.0	0.0	0.0	0.0	0.0	0.0	0.0	0.0	0.0	0.0	0.0	0.0	0.0	0.0	0.0	0.0	0.0	0.0	0.0	0.0	0.0	0.0	0.0	0.0	0.0	0.0	0.0	0.0	0.0	0.0	0.0	0.0	0.0	0.0	0.0	0.0	0.0	0.0	0.0	0.0	0.0	-34.5	118.6	75.7	-96.8	90.4	-23.3	-79.8	-142.5	37.9	-172.5	115.4	81.2	-175.9	231.1	96.3	41.3	65.9	127.0	103.5	-19.2	47.8	-22.8	
0.0	0.0	0.0	0.0	0.0	0.0	0.0	0.0	0.0	0.0	0.0	0.0	0.0	0.0	0.0	0.0	0.0	0.0	0.0	0.0	0.0	0.0	0.0	0.0	0.0	0.0	0.0	0.0	0.0	0.0	0.0	0.0	0.0	0.0	0.0	0.0	0.0	0.0	0.0	0.0	0.0	0.0	0.0	0.0	0.0	0.0	0.0	0.0	0.0	0.0	0.0	0.0	0.0	0.0	0.0	0.0	0.0	0.0	0.0	0.0	0.0	0.0	0.0	0.0	0.0	0.0	0.0	0.0	0.0	0.0	0.0	0.0	0.0	0.0	0.0	0.0	0.0	0.0	0.0	-73.1	-43.0	101.8	-85.9	23.8	87.6	134.2	2.8	171.5	-133.6	-51.1	180.6	-205.5	-104.5	-26.1	-67.8	-157.1	-108.9	32.9	-17.5	21.1	
0.0	0.0	0.0	0.0	0.0	0.0	0.0	0.0	0.0	0.0	0.0	0.0	0.0	0.0	0.0	0.0	0.0	0.0	0.0	0.0	0.0	0.0	0.0	0.0	0.0	0.0	0.0	0.0	0.0	0.0	0.0	0.0	0.0	0.0	0.0	0.0	0.0	0.0	0.0	0.0	0.0	0.0	0.0	0.0	0.0	0.0	0.0	0.0	0.0	0.0	0.0	0.0	0.0	0.0	0.0	0.0	0.0	0.0	0.0	0.0	0.0	0.0	0.0	0.0	0.0	0.0	0.0	0.0	0.0	0.0	0.0	0.0	0.0	0.0	0.0	0.0	0.0	0.0	0.0	0.0	-11.7	3.2	19.6	4.7	2.9	-21.8	-14.7	-29.8	9.9	-2.5	2.2	13.5	23.0	7.9	-0.7	14.6	11.6	5.5	-8.9	-4.3	
0.0	0.0	0.0	0.0	0.0	0.0	0.0	0.0	0.0	0.0	0.0	0.0	0.0	0.0	0.0	0.0	0.0	0.0	0.0	0.0	0.0	0.0	0.0	0.0	0.0	0.0	0.0	0.0	0.0	0.0	0.0	0.0	0.0	0.0	0.0	0.0	0.0	0.0	0.0	0.0	0.0	0.0	0.0	0.0	0.0	0.0	0.0	0.0	0.0	0.0	0.0	0.0	0.0	0.0	0.0	0.0	0.0	0.0	0.0	0.0	0.0	0.0	0.0	0.0	0.0	0.0	0.0	0.0	0.0	0.0	0.0	0.0	0.0	0.0	0.0	0.0	0.0	0.0	0.0	0.0	0.0	54.9	-24.7	28.6	51.2	22.0	13.6	36.5	-69.3	-2.8	66.7	-62.3	-24.2	-5.5	-44.2	-58.8	-50.8	36.7	3.2	-10.7	
0.0	0.0	0.0	0.0	0.0	0.0	0.0	0.0	0.0	0.0	0.0	0.0	0.0	0.0	0.0	0.0	0.0	0.0	0.0	0.0	0.0	0.0	0.0	0.0	0.0	0.0	0.0	0.0	0.0	0.0	0.0	0.0	0.0	0.0	0.0	0.0	0.0	0.0	0.0	0.0	0.0	0.0	0.0	0.0	0.0	0.0	0.0	0.0	0.0	0.0	0.0	0.0	0.0	0.0	0.0	0.0	0.0	0.0	0.0	0.0	0.0	0.0	0.0	0.0	0.0	0.0	0.0	0.0	0.0	0.0	0.0	0.0	0.0	0.0	0.0	0.0	0.0	0.0	0.0	0.0	0.0	0.0	13.6	17.6	-17.4	-32.3	16.7	-62.4	8.1	21.5	-18.7	35.3	17.6	9.7	21.2	33.9	21.1	-8.3	16.2	-3.3	
0.0	0.0	0.0	0.0	0.0	0.0	0.0	0.0	0.0	0.0	0.0	0.0	0.0	0.0	0.0	0.0	0.0	0.0	0.0	0.0	0.0	0.0	0.0	0.0	0.0	0.0	0.0	0.0	0.0	0.0	0.0	0.0	0.0	0.0	0.0	0.0	0.0	0.0	0.0	0.0	0.0	0.0	0.0	0.0	0.0	0.0	0.0	0.0	0.0	0.0	0.0	0.0	0.0	0.0	0.0	0.0	0.0	0.0	0.0	0.0	0.0	0.0	0.0	0.0	0.0	0.0	0.0	0.0	0.0	0.0	0.0	0.0	0.0	0.0	0.0	0.0	0.0	0.0	0.0	0.0	0.0	0.0	0.0	-1.3	28.0	-1.1	-31.0	4.3	1.0	-29.3	39.0	-9.1	19.2	-6.2	-33.4	-6.4	-11.8	21.7	-23.8	-7.6	
0.0	0.0	0.0	0.0	0.0	0.0	0.0	0.0	0.0	0.0	0.0	0.0	0.0	0.0	0.0	0.0	0.0	0.0	0.0	0.0	0.0	0.0	0.0	0.0	0.0	0.0	0.0	0.0	0.0	0.0	0.0	0.0	0.0	0.0	0.0	0.0	0.0	0.0	0.0	0.0	0.0	0.0	0.0	0.0	0.0	0.0	0.0	0.0	0.0	0.0	0.0	0.0	0.0	0.0	0.0	0.0	0.0	0.0	0.0	0.0	0.0	0.0	0.0	0.0	0.0	0.0	0.0	0.0	0.0	0.0	0.0	0.0	0.0	0.0	0.0	0.0	0.0	0.0	0.0	0.0	0.0	0.0	0.0	0.0	-746.9	62.4	811.6	-59.3	-22.9	764.9	-1048.8	205.8	-533.3	173.0	899.5	168.9	300.4	-576.2	608.0	200.7	
0.0	0.0	0.0	0.0	0.0	0.0	0.0	0.0	0.0	0.0	0.0	0.0	0.0	0.0	0.0	0.0	0.0	0.0	0.0	0.0	0.0	0.0	0.0	0.0	0.0	0.0	0.0	0.0	0.0	0.0	0.0	0.0	0.0	0.0	0.0	0.0	0.0	0.0	0.0	0.0	0.0	0.0	0.0	0.0	0.0	0.0	0.0	0.0	0.0	0.0	0.0	0.0	0.0	0.0	0.0	0.0	0.0	0.0	0.0	0.0	0.0	0.0	0.0	0.0	0.0	0.0	0.0	0.0	0.0	0.0	0.0	0.0	0.0	0.0	0.0	0.0	0.0	0.0	0.0	0.0	0.0	0.0	0.0	0.0	0.0	-16.0	12.5	6.9	-17.6	4.8	-20.1	5.0	-0.2	-3.4	1.8	-36.4	-9.7	-12.5	22.2	-11.2	
0.0	0.0	0.0	0.0	0.0	0.0	0.0	0.0	0.0	0.0	0.0	0.0	0.0	0.0	0.0	0.0	0.0	0.0	0.0	0.0	0.0	0.0	0.0	0.0	0.0	0.0	0.0	0.0	0.0	0.0	0.0	0.0	0.0	0.0	0.0	0.0	0.0	0.0	0.0	0.0	0.0	0.0	0.0	0.0	0.0	0.0	0.0	0.0	0.0	0.0	0.0	0.0	0.0	0.0	0.0	0.0	0.0	0.0	0.0	0.0	0.0	0.0	0.0	0.0	0.0	0.0	0.0	0.0	0.0	0.0	0.0	0.0	0.0	0.0	0.0	0.0	0.0	0.0	0.0	0.0	0.0	0.0	0.0	0.0	0.0	0.0	22.2	36.4	-46.6	1.4	-22.7	-28.1	-15.0	-13.7	-4.4	-57.2	-27.0	-13.8	30.2	-15.6	
0.0	0.0	0.0	0.0	0.0	0.0	0.0	0.0	0.0	0.0	0.0	0.0	0.0	0.0	0.0	0.0	0.0	0.0	0.0	0.0	0.0	0.0	0.0	0.0	0.0	0.0	0.0	0.0	0.0	0.0	0.0	0.0	0.0	0.0	0.0	0.0	0.0	0.0	0.0	0.0	0.0	0.0	0.0	0.0	0.0	0.0	0.0	0.0	0.0	0.0	0.0	0.0	0.0	0.0	0.0	0.0	0.0	0.0	0.0	0.0	0.0	0.0	0.0	0.0	0.0	0.0	0.0	0.0	0.0	0.0	0.0	0.0	0.0	0.0	0.0	0.0	0.0	0.0	0.0	0.0	0.0	0.0	0.0	0.0	0.0	0.0	0.0	19.0	-22.8	-20.6	-4.8	-11.8	-26.0	-5.8	-20.7	-47.8	-20.9	9.2	14.9	-20.1	
0.0	0.0	0.0	0.0	0.0	0.0	0.0	0.0	0.0	0.0	0.0	0.0	0.0	0.0	0.0	0.0	0.0	0.0	0.0	0.0	0.0	0.0	0.0	0.0	0.0	0.0	0.0	0.0	0.0	0.0	0.0	0.0	0.0	0.0	0.0	0.0	0.0	0.0	0.0	0.0	0.0	0.0	0.0	0.0	0.0	0.0	0.0	0.0	0.0	0.0	0.0	0.0	0.0	0.0	0.0	0.0	0.0	0.0	0.0	0.0	0.0	0.0	0.0	0.0	0.0	0.0	0.0	0.0	0.0	0.0	0.0	0.0	0.0	0.0	0.0	0.0	0.0	0.0	0.0	0.0	0.0	0.0	0.0	0.0	0.0	0.0	0.0	0.0	-28.1	-49.1	18.3	-1.3	-89.1	16.3	-52.5	-49.0	-16.5	67.1	24.3	-37.2	
0.0	0.0	0.0	0.0	0.0	0.0	0.0	0.0	0.0	0.0	0.0	0.0	0.0	0.0	0.0	0.0	0.0	0.0	0.0	0.0	0.0	0.0	0.0	0.0	0.0	0.0	0.0	0.0	0.0	0.0	0.0	0.0	0.0	0.0	0.0	0.0	0.0	0.0	0.0	0.0	0.0	0.0	0.0	0.0	0.0	0.0	0.0	0.0	0.0	0.0	0.0	0.0	0.0	0.0	0.0	0.0	0.0	0.0	0.0	0.0	0.0	0.0	0.0	0.0	0.0	0.0	0.0	0.0	0.0	0.0	0.0	0.0	0.0	0.0	0.0	0.0	0.0	0.0	0.0	0.0	0.0	0.0	0.0	0.0	0.0	0.0	0.0	0.0	0.0	-17.6	2.3	17.7	-65.4	14.1	-27.7	-70.2	0.6	27.8	24.3	-23.4	
0.0	0.0	0.0	0.0	0.0	0.0	0.0	0.0	0.0	0.0	0.0	0.0	0.0	0.0	0.0	0.0	0.0	0.0	0.0	0.0	0.0	0.0	0.0	0.0	0.0	0.0	0.0	0.0	0.0	0.0	0.0	0.0	0.0	0.0	0.0	0.0	0.0	0.0	0.0	0.0	0.0	0.0	0.0	0.0	0.0	0.0	0.0	0.0	0.0	0.0	0.0	0.0	0.0	0.0	0.0	0.0	0.0	0.0	0.0	0.0	0.0	0.0	0.0	0.0	0.0	0.0	0.0	0.0	0.0	0.0	0.0	0.0	0.0	0.0	0.0	0.0	0.0	0.0	0.0	0.0	0.0	0.0	0.0	0.0	0.0	0.0	0.0	0.0	0.0	0.0	23.6	-3.8	24.7	5.2	25.0	89.7	20.1	36.9	-28.3	40.4	
0.0	0.0	0.0	0.0	0.0	0.0	0.0	0.0	0.0	0.0	0.0	0.0	0.0	0.0	0.0	0.0	0.0	0.0	0.0	0.0	0.0	0.0	0.0	0.0	0.0	0.0	0.0	0.0	0.0	0.0	0.0	0.0	0.0	0.0	0.0	0.0	0.0	0.0	0.0	0.0	0.0	0.0	0.0	0.0	0.0	0.0	0.0	0.0	0.0	0.0	0.0	0.0	0.0	0.0	0.0	0.0	0.0	0.0	0.0	0.0	0.0	0.0	0.0	0.0	0.0	0.0	0.0	0.0	0.0	0.0	0.0	0.0	0.0	0.0	0.0	0.0	0.0	0.0	0.0	0.0	0.0	0.0	0.0	0.0	0.0	0.0	0.0	0.0	0.0	0.0	0.0	11.3	-14.3	27.0	32.5	-20.0	18.0	-25.7	-8.8	12.2	
0.0	0.0	0.0	0.0	0.0	0.0	0.0	0.0	0.0	0.0	0.0	0.0	0.0	0.0	0.0	0.0	0.0	0.0	0.0	0.0	0.0	0.0	0.0	0.0	0.0	0.0	0.0	0.0	0.0	0.0	0.0	0.0	0.0	0.0	0.0	0.0	0.0	0.0	0.0	0.0	0.0	0.0	0.0	0.0	0.0	0.0	0.0	0.0	0.0	0.0	0.0	0.0	0.0	0.0	0.0	0.0	0.0	0.0	0.0	0.0	0.0	0.0	0.0	0.0	0.0	0.0	0.0	0.0	0.0	0.0	0.0	0.0	0.0	0.0	0.0	0.0	0.0	0.0	0.0	0.0	0.0	0.0	0.0	0.0	0.0	0.0	0.0	0.0	0.0	0.0	0.0	0.0	69.1	-23.7	29.6	80.8	-10.1	-13.5	-34.9	43.4	
0.0	0.0	0.0	0.0	0.0	0.0	0.0	0.0	0.0	0.0	0.0	0.0	0.0	0.0	0.0	0.0	0.0	0.0	0.0	0.0	0.0	0.0	0.0	0.0	0.0	0.0	0.0	0.0	0.0	0.0	0.0	0.0	0.0	0.0	0.0	0.0	0.0	0.0	0.0	0.0	0.0	0.0	0.0	0.0	0.0	0.0	0.0	0.0	0.0	0.0	0.0	0.0	0.0	0.0	0.0	0.0	0.0	0.0	0.0	0.0	0.0	0.0	0.0	0.0	0.0	0.0	0.0	0.0	0.0	0.0	0.0	0.0	0.0	0.0	0.0	0.0	0.0	0.0	0.0	0.0	0.0	0.0	0.0	0.0	0.0	0.0	0.0	0.0	0.0	0.0	0.0	0.0	0.0	-21.0	-21.6	-51.2	-37.3	-17.0	22.3	-11.4	
0.0	0.0	0.0	0.0	0.0	0.0	0.0	0.0	0.0	0.0	0.0	0.0	0.0	0.0	0.0	0.0	0.0	0.0	0.0	0.0	0.0	0.0	0.0	0.0	0.0	0.0	0.0	0.0	0.0	0.0	0.0	0.0	0.0	0.0	0.0	0.0	0.0	0.0	0.0	0.0	0.0	0.0	0.0	0.0	0.0	0.0	0.0	0.0	0.0	0.0	0.0	0.0	0.0	0.0	0.0	0.0	0.0	0.0	0.0	0.0	0.0	0.0	0.0	0.0	0.0	0.0	0.0	0.0	0.0	0.0	0.0	0.0	0.0	0.0	0.0	0.0	0.0	0.0	0.0	0.0	0.0	0.0	0.0	0.0	0.0	0.0	0.0	0.0	0.0	0.0	0.0	0.0	0.0	0.0	78.4	-326.2	-147.2	-300.8	43.0	-8.1	
0.0	0.0	0.0	0.0	0.0	0.0	0.0	0.0	0.0	0.0	0.0	0.0	0.0	0.0	0.0	0.0	0.0	0.0	0.0	0.0	0.0	0.0	0.0	0.0	0.0	0.0	0.0	0.0	0.0	0.0	0.0	0.0	0.0	0.0	0.0	0.0	0.0	0.0	0.0	0.0	0.0	0.0	0.0	0.0	0.0	0.0	0.0	0.0	0.0	0.0	0.0	0.0	0.0	0.0	0.0	0.0	0.0	0.0	0.0	0.0	0.0	0.0	0.0	0.0	0.0	0.0	0.0	0.0	0.0	0.0	0.0	0.0	0.0	0.0	0.0	0.0	0.0	0.0	0.0	0.0	0.0	0.0	0.0	0.0	0.0	0.0	0.0	0.0	0.0	0.0	0.0	0.0	0.0	0.0	0.0	100.1	67.6	60.7	-10.8	31.4	
0.0	0.0	0.0	0.0	0.0	0.0	0.0	0.0	0.0	0.0	0.0	0.0	0.0	0.0	0.0	0.0	0.0	0.0	0.0	0.0	0.0	0.0	0.0	0.0	0.0	0.0	0.0	0.0	0.0	0.0	0.0	0.0	0.0	0.0	0.0	0.0	0.0	0.0	0.0	0.0	0.0	0.0	0.0	0.0	0.0	0.0	0.0	0.0	0.0	0.0	0.0	0.0	0.0	0.0	0.0	0.0	0.0	0.0	0.0	0.0	0.0	0.0	0.0	0.0	0.0	0.0	0.0	0.0	0.0	0.0	0.0	0.0	0.0	0.0	0.0	0.0	0.0	0.0	0.0	0.0	0.0	0.0	0.0	0.0	0.0	0.0	0.0	0.0	0.0	0.0	0.0	0.0	0.0	0.0	0.0	0.0	-22.9	-27.3	2.8	-23.3	
0.0	0.0	0.0	0.0	0.0	0.0	0.0	0.0	0.0	0.0	0.0	0.0	0.0	0.0	0.0	0.0	0.0	0.0	0.0	0.0	0.0	0.0	0.0	0.0	0.0	0.0	0.0	0.0	0.0	0.0	0.0	0.0	0.0	0.0	0.0	0.0	0.0	0.0	0.0	0.0	0.0	0.0	0.0	0.0	0.0	0.0	0.0	0.0	0.0	0.0	0.0	0.0	0.0	0.0	0.0	0.0	0.0	0.0	0.0	0.0	0.0	0.0	0.0	0.0	0.0	0.0	0.0	0.0	0.0	0.0	0.0	0.0	0.0	0.0	0.0	0.0	0.0	0.0	0.0	0.0	0.0	0.0	0.0	0.0	0.0	0.0	0.0	0.0	0.0	0.0	0.0	0.0	0.0	0.0	0.0	0.0	0.0	-10.9	-24.6	20.5	
0.0	0.0	0.0	0.0	0.0	0.0	0.0	0.0	0.0	0.0	0.0	0.0	0.0	0.0	0.0	0.0	0.0	0.0	0.0	0.0	0.0	0.0	0.0	0.0	0.0	0.0	0.0	0.0	0.0	0.0	0.0	0.0	0.0	0.0	0.0	0.0	0.0	0.0	0.0	0.0	0.0	0.0	0.0	0.0	0.0	0.0	0.0	0.0	0.0	0.0	0.0	0.0	0.0	0.0	0.0	0.0	0.0	0.0	0.0	0.0	0.0	0.0	0.0	0.0	0.0	0.0	0.0	0.0	0.0	0.0	0.0	0.0	0.0	0.0	0.0	0.0	0.0	0.0	0.0	0.0	0.0	0.0	0.0	0.0	0.0	0.0	0.0	0.0	0.0	0.0	0.0	0.0	0.0	0.0	0.0	0.0	0.0	0.0	-184.1	179.3	
0.0	0.0	0.0	0.0	0.0	0.0	0.0	0.0	0.0	0.0	0.0	0.0	0.0	0.0	0.0	0.0	0.0	0.0	0.0	0.0	0.0	0.0	0.0	0.0	0.0	0.0	0.0	0.0	0.0	0.0	0.0	0.0	0.0	0.0	0.0	0.0	0.0	0.0	0.0	0.0	0.0	0.0	0.0	0.0	0.0	0.0	0.0	0.0	0.0	0.0	0.0	0.0	0.0	0.0	0.0	0.0	0.0	0.0	0.0	0.0	0.0	0.0	0.0	0.0	0.0	0.0	0.0	0.0	0.0	0.0	0.0	0.0	0.0	0.0	0.0	0.0	0.0	0.0	0.0	0.0	0.0	0.0	0.0	0.0	0.0	0.0	0.0	0.0	0.0	0.0	0.0	0.0	0.0	0.0	0.0	0.0	0.0	0.0	0.0	-38.0	
